# Short-form GitHub references that predate the full-URL convention (GH-55461).
#
# One line per file: the path, then every issue number referenced in it.
# Regenerate with:
#
#     python scripts/validate_gh_references.py --update-baseline
#
# It grows only when a rebase carries short references over from main
# (--allow-growth).  New references use the full URL form:
#
#     # https://github.com/pandas-dev/pandas/issues/1234
#
asv_bench/benchmarks/algos/isin.py 25507
asv_bench/benchmarks/arithmetic.py 7332 31300 32779 33198
asv_bench/benchmarks/attrs_caching.py 18587
asv_bench/benchmarks/groupby.py 2692 7555 9049 12737 13335 14338 15062 20660 21237 28635 41596 46527
asv_bench/benchmarks/hash_functions.py 28303
asv_bench/benchmarks/index_object.py 13166 24813
asv_bench/benchmarks/indexing.py 19299 33032
asv_bench/benchmarks/inference.py 41047 57366
asv_bench/benchmarks/io/csv.py 16798 24805 51621
asv_bench/benchmarks/join_merge.py 6329
asv_bench/benchmarks/period.py 21582
asv_bench/benchmarks/replace.py 28099
asv_bench/benchmarks/reshape.py 27668
asv_bench/benchmarks/series_methods.py 24382
asv_bench/benchmarks/strings.py 2602 37371
asv_bench/benchmarks/timeseries.py 7754
ci/import_pandas_check.py 28227
doc/source/conf.py 9322 12816 46768
pandas/_config/config.py 29242 63235
pandas/_config/display.py 3360
pandas/_config/localization.py 46595
pandas/_libs/algos.pyx 2778
pandas/_libs/arrays.pyx 62820
pandas/_libs/groupby.pyx 50367 53606 56903 58811 60303 64330 66551
pandas/_libs/hashing.pyx 28969
pandas/_libs/index.pyx 1757 14273 29189 35788 37800 41775 43870 54746 64674
pandas/_libs/internals.pyx 38650 42345 42934 55008 55245
pandas/_libs/interval.pyx 18538 23013
pandas/_libs/lib.pyx 690 35051 40397 41409 46945 47294 49340 49658 54654 61155 64148 66519
pandas/_libs/missing.pyx 30013 32214
pandas/_libs/parsers.pyx 5766 9379 14983 20558 21353 40587 46997 47534 60088 65353 66259 66415 66510 66622 66939
pandas/_libs/testing.pyx 18463 45240 66400 66699
pandas/_libs/tslib.pyx 32264 50907 56996 58179 62111
pandas/_libs/tslibs/conversion.pyx 12677 24559 25057 25611 26651 42288 47266 47267 48974 50907 56037 56996 57366 58859 65353 66510
pandas/_libs/tslibs/nattype.pyx 9513 39151 44460
pandas/_libs/tslibs/np_datetime.pyx 29684 31378 66510 66549 66552
pandas/_libs/tslibs/offsets.pyx 14774 15126 16463 21427 23524 30593 32616 45643 45790 49441 49897 52534 53125 61862 61870 61985 64806 66549 66552
pandas/_libs/tslibs/parsing.pyx 1228 18702 21322 32264 45580 50235 50417 50791 50907 51157 52659 55737 55954 58859
pandas/_libs/tslibs/period.pyx 12816 17983 19643 23915 44285 48536 48974 50162 50803 53446 53562 63760 64227 66552
pandas/_libs/tslibs/strptime.pyx 17697 18705 48767 55693 56996 57275 60933 65353 66510
pandas/_libs/tslibs/timedeltas.pyx 9309 18793 19761 30543 31869 43764 44504 46587 48898 48974 49021 53198 53643 53801 55503 59653 62316 63018 63196 64240 64306 65150 66247 66551 66552 66823
pandas/_libs/tslibs/timestamps.pyx 3746 15183 17329 17690 18319 21333 21336 21365 22451 22535 30543 30886 31200 31930 37610 41949 48898 53198 54763 56680 57749 60583 66510 66549 66550 66552
pandas/_libs/tslibs/timezones.pyx 18523 38851 65712 65733
pandas/_libs/tslibs/tzconversion.pyx 65353 65733 66550 66939
pandas/_libs/tslibs/vectorized.pyx 66550
pandas/_libs/window/aggregations.pyx 21813 42064 65739
pandas/_libs/window/indexers.pyx 43997
pandas/_libs/writers.pyx 36888
pandas/_testing/_warnings.py 38630 44732 44844
pandas/_testing/asserters.py 38183 51920 52449 61935
pandas/compat/pickle_compat.py 61792
pandas/conftest.py 8367 23554 29725 31989 35711
pandas/core/algorithms.py 15999 16012 22160 25507 41816 46485 48476 49558 52981 52986 54761 56161 59609 60678
pandas/core/api.py 58318
pandas/core/apply.py 8735 15931 25196 25719 25959 28426 29587 35462 36212 39993 43986 51099 54929 58474 61747 65031 65097
pandas/core/array_algos/datetimelike_accumulations.py 57956 66551
pandas/core/array_algos/putmask.py 19266 30567 37833 43424
pandas/core/array_algos/replace.py 32621
pandas/core/array_algos/take.py 39755 53910
pandas/core/arrays/_arrow_string_mixins.py 54792 56404 56792 59624 59710 63108 64123 64359 66348
pandas/core/arrays/_mixins.py 54761 56410
pandas/core/arrays/_ranges.py 10887 14187 16463 44025 64648 64790 64834 65604
pandas/core/arrays/arrow/array.py 12816 40624 42600 50085 50248 50430 51175 51624 51630 52059 52625 52679 52843 53326 54844 55561 55997 56645 56676 58321 58530 59154 60228 60234 61774 61775 61776 62157 62506 62522 62523 62800 63573 64320 66348 66834
pandas/core/arrays/base.py 22680 24278 37867 43682
pandas/core/arrays/categorical.py 8628 10696 15362 15420 15457 29820 38433 41914 44900 61778 62423
pandas/core/arrays/datetimelike.py 11587 18295 18435 18664 19124 19959 23789 24539 24757 34479 37462 40624 42147 52080 52761 55499 59571 65056 66552
pandas/core/arrays/datetimes.py 3746 12816 16463 18595 23539 23675 24252 24806 28610 29794 35342 41563 42228 42505 45573 46768 54763 56147 56586 64806 64834 65011
pandas/core/arrays/interval.py 18295 18756 19016 19262 30588 31882 38353 45484 55714 64605 66518
pandas/core/arrays/masked.py 30188 40932 41165 42147 44382 45421 46043 52840 58602 62043 62196 65510
pandas/core/arrays/numeric.py 31896
pandas/core/arrays/numpy_.py 41724 62448
pandas/core/arrays/period.py 12816 24283 45038 46768 63760 64227 64231 64241
pandas/core/arrays/sparse/array.py 32119 34457 41023 49631
pandas/core/arrays/string_.py 40624 46176 47781 52076 55736 60234 62595 65837
pandas/core/arrays/string_arrow.py 56505
pandas/core/arrays/timedeltas.py 23539 23829 24806 29794 31043 31378 43178 58054 60677 66551 66823
pandas/core/base.py 38083 57517 62423
pandas/core/common.py 34193 42461
pandas/core/computation/eval.py 16289 63207
pandas/core/computation/expr.py 65357
pandas/core/computation/expressions.py 36552
pandas/core/computation/ops.py 24883 35247
pandas/core/computation/parsing.py 49633 59285
pandas/core/computation/pytables.py 22977 41100 54186
pandas/core/config_init.py 59502
pandas/core/construction.py 846 15832 16605 16804 19853 30171 30173 38645 44715 49309 53817 60081 63879
pandas/core/dtypes/astype.py 45151 63936
pandas/core/dtypes/base.py 46093
pandas/core/dtypes/cast.py 6345 12821 36541 38240 41734 45349 47391 47776 51592 52927 53648 56376 57338 66394 66517
pandas/core/dtypes/common.py 29553 31356 33400 34986 38516 51523 52527 52564 52607 52680 52834 54592
pandas/core/dtypes/concat.py 14177 21108 39817 45101 53640
pandas/core/dtypes/dtypes.py 10575 19016 23124 26067 36280 38394 49309 53043 53160 53446 62343
pandas/core/dtypes/inference.py 25196
pandas/core/dtypes/missing.py 48526 55011 65192 66160
pandas/core/frame.py 423 4107 4537 5632 17901 20987 21581 22375 23925 24434 24558 24969 25101 25515 26490 26511 28943 29135 29258 31368 31469 31623 32685 33357 35488 35881 36702 38434 38939 39510 39931 40234 41544 41626 41682 42452 43395 44616 45236 45316 45593 46870 47215 48729 51474 51523 51866 52419 52834 53498 53832 54341 56903 57500 57781 59888 60128 60179 60498 60903 61581 61841 61916 62518 62919 63207 65094 65366 65500 66119 66120
pandas/core/generic.py 2745 2747 3235 4192 6394 6507 9221 13473 15390 16063 17276 17935 18099 18561 19920 19992 21891 21947 23114 24704 33113 33302 33671 36293 38650 38729 40420 40810 42771 43223 44417 45153 45860 47500 50373 51547 51574 53491 53832 57063 58190 58621 62038 65056 65868
pandas/core/groupby/base.py 27526
pandas/core/groupby/categorical.py 8868 13179 38140 46909
pandas/core/groupby/generic.py 823 1738 6124 6265 8467 9684 12824 14457 18930 23566 29631 38672 41291 47787 50724 51445 52849 57775 58318
pandas/core/groupby/groupby.py 7559 14776 17024 18588 23918 25971 28330 28549 28949 30463 30918 31422 32223 37850 39329 41090 42795 43999 45562 46209 46867 48459 49256 49834 51424 53491 55951
pandas/core/groupby/grouper.py 13901 17621 35667 46909 50486
pandas/core/groupby/ops.py 3881 37501 38642 40767
pandas/core/indexers/utils.py 25774 26658 27125 30588 31299 37748 66100
pandas/core/indexes/accessors.py 20306 57463
pandas/core/indexes/api.py 57335
pandas/core/indexes/base.py 3662 5553 6552 7774 8875 11836 13149 13277 13418 13601 13691 16121 16785 16877 18587 20285 20527 21470 21734 23752 24612 24959 25063 25288 27125 27384 27775 29069 29926 31810 32349 32572 35584 37871 38547 38906 39328 40754 41873 41934 42055 42568 44051 45153 45230 45357 45361 45580 45652 50617 50907 51363 53617 53910 54385 56244 60080 62158 62423 63306 63388 64148 65210 65265
pandas/core/indexes/category.py 37667 38944 41933 55335
pandas/core/indexes/datetimelike.py 2369 3232 3452 3931 14811 14826 21282 23789 24555 29843 41493 42104 44025 45580 61086 63262 65012 65056 66322
pandas/core/indexes/datetimes.py 12816 20464 24076 33146 35830 36148 42855 46702 50839 62051 62277 62849 63388
pandas/core/indexes/frozen.py 15506
pandas/core/indexes/interval.py 20921 23309 31658 47614 63388
pandas/core/indexes/multi.py 3547 15110 20252 20527 21136 26460 26622 27456 27495 27591 31330 32669 33355 34603 37707 42351 43212 55786 59003 60104 64807 65210
pandas/core/indexes/period.py 10578 13277 63388
pandas/core/indexes/range.py 19333 22390 25710 28678 44019 46176 46675 47557 53255 64148 65210
pandas/core/indexes/timedeltas.py 33603 51575 63388
pandas/core/indexing.py 836 3738 5206 5567 10360 10521 12246 13797 17024 17895 18631 22717 26989 27591 27841 32257 33041 33924 35015 35349 37728 38148 40096 41369 42099 44103 45479 48323 53533 60600 62369 62523 64230 65241 65418 66394 66402
pandas/core/internals/__init__.py 33892 55139 58715
pandas/core/internals/api.py 38134 41168 44681 56815
pandas/core/internals/blocks.py 32959 37629 37681 38086 38547 39338 39584 42147 42631 42787 44181 44703 45135 45153 45419 45601 45836 46634 48933 52927 53278 53631 53802 56419 57733 57781 58966 60469 61671 61972 64620 65107 65264 65748
pandas/core/internals/concat.py 14177 42092
pandas/core/internals/construction.py 1783 2234 10856 12513 19157 21861 22025 23985 26429 40110 41785 42456 49593 63889 65751
pandas/core/internals/managers.py 32779 32959 33597 38240 45857 46544 57641 58316 58954 62263 63993 65446
pandas/core/methods/describe.py 30164 48340 53001 54193
pandas/core/methods/selectn.py 21426 26154
pandas/core/methods/to_dict.py 16122 46470
pandas/core/missing.py 1646 7295 10633 16282 16284 21977 29553 51237 55127 62048
pandas/core/nanops.py 4147 9422 10242 12941 15507 18976 24293 26032 29941 34479 34671 36703 42878 43178 43929 44008 52788 54754 60646 64478 65373 65500 66551
pandas/core/ops/array_ops.py 5035 5284 19448 19956 22390 27803 28080 31457 32047 36377 52264 52295 62423 63205
pandas/core/ops/common.py 62423
pandas/core/ops/missing.py 7325 9308
pandas/core/resample.py 4076 8683 9119 10117 10530 12037 12871 13022 14008 19375 21351 21459 23882 24103 25758 31809 42902 43486 44996 46826 47705 51896 58690
pandas/core/reshape/concat.py 1649 25413 28330 43485 64825
pandas/core/reshape/encoding.py 4446 12042 56273 66091
pandas/core/reshape/melt.py 17627 46044 61475
pandas/core/reshape/merge.py 9780 15800 16900 23917 29130 33463 38418 40993 47391 59435
pandas/core/reshape/pivot.py 14938 15193 17024 17038 17123 17160 23955 26568 35785 49240 55484 57876 61292
pandas/core/reshape/reshape.py 12189 19966 20601 26314 36113 36991 41875 42579 53868 58817 65107
pandas/core/reshape/tile.py 20303 24314
pandas/core/series.py 12862 13296 13637 16122 19275 29405 33357 33427 33900 34717 35922 41377 44265 46179 47500 50617 51866 52419 52538 54257 62423 62931 63207
pandas/core/sorting.py 6399 11080 53806 64883
pandas/core/strings/accessor.py 8875 9343 12180 13438 15055 18450 62240 63108 65751
pandas/core/strings/object_array.py 63108
pandas/core/tools/datetimes.py 14156 20445 23758 25546 30050 32264 35888 39882 45319 55663 60506 60677 63419 65380
pandas/core/tools/numeric.py 33013 52588
pandas/core/util/hashing.py 28363 42003
pandas/core/window/common.py 21157 34440
pandas/core/window/ewm.py 41700
pandas/core/window/numba_.py 40454
pandas/core/window/rolling.py 12373 12541 15354 32262 36197 42736 42915 43355 45912 46061
pandas/io/_util.py 44901 56136 65056
pandas/io/clipboard/__init__.py 44625
pandas/io/common.py 5874 16338 21227 27779 34626 38125 39465 45630 50371 52252 56778 58131 59279
pandas/io/excel/_base.py 12292 34673 39808 56542 56692 56954 58247
pandas/io/excel/_calamine.py 54564 59186
pandas/io/excel/_odfreader.py 5394
pandas/io/excel/_openpyxl.py 39486 41681 63010
pandas/io/excel/_util.py 56542
pandas/io/excel/_xlrd.py 5394 54564
pandas/io/excel/_xlsxwriter.py 30107
pandas/io/feather_format.py 66177
pandas/io/formats/_color_data.py 37967
pandas/io/formats/excel.py 17295 60099
pandas/io/formats/format.py 16097 21625 22270 25061 30034 37359 53762
pandas/io/formats/html.py 3547 14882 22579 22747 53885
pandas/io/formats/printing.py 58285 60503 61809 64638
pandas/io/formats/string.py 21180 32461
pandas/io/formats/style.py 40675 42005 47838
pandas/io/formats/style_render.py 39421 52218
pandas/io/html.py 49929
pandas/io/json/_json.py 15137 36211 50907 59516
pandas/io/json/_normalize.py 26284 30145 31507 35923 37782
pandas/io/json/_table_schema.py 9586 39537 47747
pandas/io/parquet.py 47702
pandas/io/parsers/arrow_parser_wrapper.py 5156 13017 34066 41574 44901 45801 57666 65862 66056 66059 66317
pandas/io/parsers/base_parser.py 20529 38292 66259
pandas/io/parsers/c_parser_wrapper.py 9755 14671 20529 44106
pandas/io/parsers/python_parser.py 13320 13374 26203 52619
pandas/io/parsers/readers.py 12935 14983 23761 40830 43528 44366 46823 48849 51801 64347 66259 66327
pandas/io/pickle.py 31930
pandas/io/pytables.py 6208 8260 9604 12154 12953 15937 16118 17267 17567 21466 21741 22073 25839 26144 26771 28156 28430 28460 29310 29757 30962 31167 33186 33909 35917 37235 38305 39752 41437 41978 42070 50598 54396 60469 64180 65576
pandas/io/sas/sas7bdat.py 66470
pandas/io/sql.py 6921 7076 7815 8341 8778 9086 11216 17855 24988 26761 34431 35076 35185 46891 53854 54233 55663
pandas/io/stata.py 13856 23633 25772 25960 56536 63082 64556
pandas/plotting/_matplotlib/boxplot.py 8181 16748 30346 45465
pandas/plotting/_matplotlib/converter.py 10578 50355
pandas/plotting/_matplotlib/core.py 9093 15079 16953 18755 22799 23719 25587 28021 31357 32073 33389 45145 53908 61398 64311
pandas/plotting/_matplotlib/hist.py 32590
pandas/plotting/_matplotlib/misc.py 14855 42795
pandas/plotting/_matplotlib/style.py 36972
pandas/plotting/_matplotlib/timeseries.py 1482 2571 64819 66222
pandas/tests/apply/test_frame_apply.py 2476 6125 7778 8735 9573 12244 13427 13820 15015 16353 16405 16832 17348 17437 17602 17892 17970 18573 18775 18919 19756 20909 21063 21239 22150 22558 25196 28213 29052 29587 31298 31466 31851 32423 34529 35462 35683 36189 36212 36785 39111 39116 39934 40420 41768 42203 42380 43740 43748 45783 46719 48328 51099 52411 53325 53601 58712 59966 61747 65031 65097 65218 65500
pandas/tests/apply/test_frame_apply_relabeling.py 26513 28472
pandas/tests/apply/test_frame_transform.py 35964 40018 40211 50624 54929
pandas/tests/apply/test_invalid_arg.py 21224 26513 34377 35964 39025 39211 40004 40543 58474
pandas/tests/apply/test_numba.py 56189
pandas/tests/apply/test_series_apply.py 2316 2627 2689 9322 11349 16380 20714 21245 24275 25959 35964 36189 39116 39140 40211 43357 46719 52123 53325 53400 55189 59966 60766 63903
pandas/tests/apply/test_series_transform.py 35964 40018 43357 50624
pandas/tests/apply/test_str.py 19760 21224 35964 39116
pandas/tests/arithmetic/common.py 36706
pandas/tests/arithmetic/test_array_ops.py 63205
pandas/tests/arithmetic/test_bool.py 46043
pandas/tests/arithmetic/test_categorical.py 18050
pandas/tests/arithmetic/test_datetime64.py 4532 4968 4982 7996 8554 9631 10699 11034 11349 12290 12534 12601 12927 13078 13844 13905 14088 15966 17558 17965 18162 18808 18849 19012 19024 19071 19123 19276 19301 19744 19800 19959 20049 21610 22005 22074 22163 22242 22492 22508 23320 25317 26258 28610 43904 46795 50864 52295 55564 55860 57529 64806 66549 66552
pandas/tests/arithmetic/test_interval.py 28981 31882
pandas/tests/arithmetic/test_numeric.py 56 353 1134 3590 4629 7785 8058 8142 8674 8932 9144 9244 9787 9952 13006 14973 18850 19333 22023 22163 22390 22606 26793 26987 27321 27464 28080 29725 35700 36377 37348 38939 41943 44772 61866 62524
pandas/tests/arithmetic/test_object.py 13043 17067 19369 19723 22378 22922 50162
pandas/tests/arithmetic/test_period.py 13043 13071 13077 13200 14164 17983 18824 18849 19389 19959 20049 23031 23215 23320 23878 26689 28980 40624 47209 66552
pandas/tests/arithmetic/test_string.py 40624 56008 59505 60228 60234 61940 62522 62595 62766 64107 64968
pandas/tests/arithmetic/test_timedelta64.py 4134 4521 5963 10699 11349 11925 12624 13078 13624 14068 17250 17991 18463 18808 18824 18831 18849 19042 19043 19123 19125 19744 19959 20049 20088 22163 22535 22631 22696 23215 23320 23829 24566 26689 29558 35529 35897 39750 43178 58054 59656 62353 66549 66551
pandas/tests/arrays/boolean/test_logical.py 44499
pandas/tests/arrays/boolean/test_reduction.py 33253
pandas/tests/arrays/categorical/test_algos.py 2003 36550 58481
pandas/tests/arrays/categorical/test_analytics.py 9416 12766 25303 30227 38140 52788
pandas/tests/arrays/categorical/test_api.py 9347 9927 11599 17336 18862 24675 48812
pandas/tests/arrays/categorical/test_astype.py 10696 18024 18593 28406 28448 28668 39616 40754 53658 62000
pandas/tests/arrays/categorical/test_constructors.py 9347 12077 14058 14190 17248 17884 21416 21767 22702 25318 31499 33830 37611 38433 39649 49309 53122 61778
pandas/tests/arrays/categorical/test_dtypes.py 8453 16659 19909 38316
pandas/tests/arrays/categorical/test_indexing.py 9469 20439 21448 21508 21729 23705 24142 46673
pandas/tests/arrays/categorical/test_map.py 12766 24241 31202 62710
pandas/tests/arrays/categorical/test_missing.py 28384 41914 44900
pandas/tests/arrays/categorical/test_operators.py 8658 24282
pandas/tests/arrays/categorical/test_replace.py 31720 49404 51016
pandas/tests/arrays/categorical/test_repr.py 10087 12066 33676 63045
pandas/tests/arrays/categorical/test_sorting.py 12882
pandas/tests/arrays/categorical/test_warnings.py 31324
pandas/tests/arrays/datetimes/test_constructors.py 24569
pandas/tests/arrays/datetimes/test_cumulative.py 50297
pandas/tests/arrays/floating/test_arithmetic.py 38794
pandas/tests/arrays/floating/test_astype.py 40729
pandas/tests/arrays/floating/test_comparison.py 30652 44382
pandas/tests/arrays/floating/test_construction.py 44514 44715 55668
pandas/tests/arrays/floating/test_contains.py 49818 52840
pandas/tests/arrays/floating/test_function.py 36579 39926 53887 54876 59965 60106 61758
pandas/tests/arrays/integer/test_arithmetic.py 22793 33701 48223
pandas/tests/arrays/integer/test_comparison.py 28930 30652
pandas/tests/arrays/integer/test_construction.py 31104
pandas/tests/arrays/integer/test_dtypes.py 22343 32435
pandas/tests/arrays/integer/test_function.py 33172
pandas/tests/arrays/integer/test_indexing.py 31446
pandas/tests/arrays/integer/test_reduction.py 62024
pandas/tests/arrays/interval/test_formats.py 25022
pandas/tests/arrays/interval/test_interval.py 21670 22428 27219 31502 31504 44746 45412 45484 45768 61917 66518
pandas/tests/arrays/interval/test_interval_pyarrow.py 41040 45881
pandas/tests/arrays/masked/test_arithmetic.py 45421 62196
pandas/tests/arrays/masked/test_arrow_compat.py 41040
pandas/tests/arrays/masked/test_function.py 56991 64510
pandas/tests/arrays/masked/test_indexing.py 65510
pandas/tests/arrays/masked_shared.py 28930 45622
pandas/tests/arrays/numpy_/test_numpy.py 28150 51044 61085 62448
pandas/tests/arrays/period/test_arrow_compat.py 41040
pandas/tests/arrays/period/test_astype.py 45038
pandas/tests/arrays/period/test_constructors.py 44507 64227 64231 64241
pandas/tests/arrays/sparse/test_accessor.py 26554 50996
pandas/tests/arrays/sparse/test_arithmetics.py 667 14000 27910 32119 45126
pandas/tests/arrays/sparse/test_array.py 11726 13853 21126 24128 27781 28287 41023 45691 53043 62669
pandas/tests/arrays/sparse/test_astype.py 34456 49631 50087
pandas/tests/arrays/sparse/test_constructors.py 10648 11856 17574 32501
pandas/tests/arrays/sparse/test_dtype.py 34352 53160 54770
pandas/tests/arrays/sparse/test_indexing.py 12631 23122 32119 45110 45691
pandas/tests/arrays/sparse/test_reductions.py 17570 25777 65478
pandas/tests/arrays/string_/test_string.py 33963 37987 38509 41040 45057 46176 61617 65227
pandas/tests/arrays/string_/test_string_arrow.py 27673 42600 55051 56505
pandas/tests/arrays/test_array.py 21796 40638 41724 44715 51167 53817 63879 64138
pandas/tests/arrays/test_datetimelike.py 19643 23078 23524 24064 24115 24615 29578 29884 31971 36339 37356 63420 64545
pandas/tests/arrays/test_datetimes.py 9586 49684 50082 54939 55979 60583 66252
pandas/tests/arrays/test_ndarray_backed.py 62820 63078
pandas/tests/arrays/test_period.py 45768 47538 66549
pandas/tests/arrays/test_timedeltas.py 31043 34290 46819 50616
pandas/tests/arrays/timedeltas/test_constructors.py 63499
pandas/tests/arrays/timedeltas/test_cumulative.py 50297
pandas/tests/arrays/timedeltas/test_reductions.py 25282 25335
pandas/tests/base/test_constructors.py 12924 26206 26853
pandas/tests/base/test_conversion.py 10904 13236 13258 26406
pandas/tests/base/test_fillna.py 11343 37681
pandas/tests/base/test_misc.py 12238 14833 41855
pandas/tests/base/test_transpose.py 42380
pandas/tests/base/test_unique.py 34550 34551 37566
pandas/tests/base/test_value_counts.py 3002 31944 56161
pandas/tests/computation/test_eval.py 8664 9297 10546 11149 11235 12388 13139 14241 15342 16289 16363 18221 20890 21374 25823 32556 35695 37328 44603 46471 47084 47859 59736 61175
pandas/tests/config/test_config.py 19789 29242 59502 61093 63235
pandas/tests/config/test_localization.py 9744 22129 46595
pandas/tests/copy_view/index/test_datetimeindex.py 63388
pandas/tests/copy_view/index/test_index.py 38547 63370 65265
pandas/tests/copy_view/index/test_intervalindex.py 63388
pandas/tests/copy_view/index/test_periodindex.py 63388
pandas/tests/copy_view/index/test_timedeltaindex.py 63388
pandas/tests/copy_view/test_copy_deprecation.py 63235
pandas/tests/copy_view/test_indexing.py 56635
pandas/tests/copy_view/test_internals.py 55518
pandas/tests/copy_view/test_methods.py 26119 49473 51126 65107 65748
pandas/tests/copy_view/test_replace.py 57733 58966
pandas/tests/dtypes/cast/test_box_unbox.py 64266
pandas/tests/dtypes/cast/test_can_hold_element.py 44261 47776 56376
pandas/tests/dtypes/cast/test_construct_from_scalar.py 19565
pandas/tests/dtypes/cast/test_downcast.py 16875 66394
pandas/tests/dtypes/cast/test_infer_datetimelike.py 16362 19671
pandas/tests/dtypes/cast/test_infer_dtype.py 30337
pandas/tests/dtypes/cast/test_promote.py 23982
pandas/tests/dtypes/test_common.py 15520 15585 15941 31356 33885 34457 34986 39010 43038 44276 51523 54592 54661 57928
pandas/tests/dtypes/test_dtypes.py 4895 17884 18980 19016 24121 24713 27338 27388 27583 28050 29707 30568 37933 38394 43996 46093 51790 52534 54184
pandas/tests/dtypes/test_generic.py 7175 38588
pandas/tests/dtypes/test_inference.py 4471 7431 8974 11352 13274 13314 13320 13324 13664 14956 15690 18004 18584 23421 24050 27335 27392 27438 29876 32146 32394 33721 35051 40687 40908 43373 46945 47294 49649 50043 50047 52373 53023 61565 61621 61671 61976 66519
pandas/tests/dtypes/test_missing.py 9129 13388 13717 20675 23530 48446 65192 66160
pandas/tests/extension/base/casting.py 33465 45326
pandas/tests/extension/base/constructors.py 19600 30280 33559 33623
pandas/tests/extension/base/getitem.py 20882 21257 27110 27785 32959 40353 45324 63876 64129
pandas/tests/extension/base/groupby.py 38980
pandas/tests/extension/base/interface.py 20735 20761 27083 37867
pandas/tests/extension/base/methods.py 20825 24382 25439 26835 31502 33172 33856 35922 38733 44692 49387 56619 58001 62164 65047 65127
pandas/tests/extension/base/missing.py 19705 21189 56616 57723 57739
pandas/tests/extension/base/ops.py 28506 40624 54569
pandas/tests/extension/base/reshaping.py 20743 20756 23020 33027 58817
pandas/tests/extension/base/setitem.py 28150 32346 40763 41626 44514 50085
pandas/tests/extension/decimal/array.py 20735 29630
pandas/tests/extension/decimal/test_decimal.py 28506 57723 58001 65127
pandas/tests/extension/json/array.py 20735 56616
pandas/tests/extension/json/test_json.py 33901 37867 56616 57723 58001 65127
pandas/tests/extension/test_arrow.py 12816 18793 22667 29997 34479 42600 45419 48238 48833 49795 49973 50248 50430 50447 50563 50667 50689 50982 51175 51225 51227 51462 51624 51734 51845 51859 52059 52284 52388 52401 52443 52470 52625 52678 52679 52812 52843 53001 53171 53326 54062 54132 54495 54627 54707 54808 54844 54944 55000 55399 55512 55561 55997 56266 56267 56271 56404 56411 56463 56537 56645 56672 56676 56706 56791 56984 57093 57948 58602 59183 59628 60563 60567 60937 60958 61732 61773 61775 62157 62164 62343 62506 62520 62522 62523 62800 63170 63283 63416 63429 63470 63573 63602 63901 64320 64359 65112 65127 65894 66221 66348 66706 66834
pandas/tests/extension/test_categorical.py 20825 37867
pandas/tests/extension/test_common.py 42430
pandas/tests/extension/test_datetime.py 65127
pandas/tests/extension/test_interval.py 58001 65127
pandas/tests/extension/test_masked.py 62344 63903
pandas/tests/extension/test_numpy.py 31446 54761 58001 65127
pandas/tests/extension/test_period.py 65127
pandas/tests/extension/test_sparse.py 33856 52096 58001
pandas/tests/extension/test_string.py 50447 65837
pandas/tests/frame/constructors/test_from_dict.py 8425 16769 18529 25515 58862 62775
pandas/tests/frame/constructors/test_from_records.py 2179 2623 2633 3562 6140 22025 27358 32805 42456 51697 59717 61140 63774
pandas/tests/frame/indexing/test_coercion.py 12255 12499 18415 45121
pandas/tests/frame/indexing/test_delitem.py 2770 19027
pandas/tests/frame/indexing/test_get.py 5652
pandas/tests/frame/indexing/test_getitem.py 1943 4879 11859 12533 13822 16115 20410 20948 21294 26511 29749 31954 39614 41062 42825 43223 45316 46185 46671 54622
pandas/tests/frame/indexing/test_indexing.py 766 1321 3216 4204 7592 9336 9596 11617 12218 12981 16674 17105 18631 26511 31649 36490 42825 43422 44514 45469 45621 45779 46317 46848 47381 47578 47687 47867 48016 48124 48480 48701 49159 49521 49837 50467 51053 53338 53769 55366 57457
pandas/tests/frame/indexing/test_insert.py 4032 14291 42403 53193 56853
pandas/tests/frame/indexing/test_mask.py 3733 4071 8801 12533 21891 40824 50488 51685
pandas/tests/frame/indexing/test_setitem.py 304 2155 4107 7432 7492 7655 8131 10126 12533 13299 13522 15695 16823 17101 17894 19843 20734 23239 26861 28871 28928 29334 29523 31469 31581 33828 34832 35369 36319 37366 37550 37672 37954 38148 38386 38521 38604 38831 39010 39403 39510 39614 39763 39931 40440 40885 42376 43406 45593 46294 46544 46896 47125 47128 47216 47425 47578 49121 53143 54385 55423 55604 55638 55956 56102
pandas/tests/frame/indexing/test_take.py 51539
pandas/tests/frame/indexing/test_where.py 2793 2794 3311 4667 6345 7506 7656 9736 10218 10336 12533 15414 15613 16979 21947 22051 22609 25399 31687 38729 38742 39595 40824 42295 44014 44181 44597 44697 45135 45768 46512 49052 51685 58190 62038 64620
pandas/tests/frame/indexing/test_xs.py 2107 2903 6507 6574 13719 19056 35301 37832 41760
pandas/tests/frame/methods/test_add_prefix_suffix.py 47819
pandas/tests/frame/methods/test_align.py 9558 10665 28397 46001 49473 51032
pandas/tests/frame/methods/test_asfreq.py 5613 9854 14320 39805 62158
pandas/tests/frame/methods/test_asof.py 15118 15713 16063 21194
pandas/tests/frame/methods/test_assign.py 9818
pandas/tests/frame/methods/test_astype.py 7271 9757 11302 12425 14265 14878 16717 18099 19223 19224 19920 22578 24704 25905 35973 39402 39474 41409 42396 42501 44414 44417 47571 48928 50984 51073 58998
pandas/tests/frame/methods/test_at_time.py 20725 24043 50839
pandas/tests/frame/methods/test_between_time.py 8839 11818 18793 20725 40245
pandas/tests/frame/methods/test_clip.py 2747 6966 15388 15390 17276 19992 20911 24162 25066 40420 51472 54817
pandas/tests/frame/methods/test_combine.py 23079 51340 66394
pandas/tests/frame/methods/test_combine_first.py 2525 3016 3552 3593 7509 7630 10567 14687 20699 28481 28613 29135 36562 37519 39881 49830 60128 60427
pandas/tests/frame/methods/test_compare.py 18463 30429 44354 48966
pandas/tests/frame/methods/test_convert_dtypes.py 40393 41435 48893 50970 52872 53648 54191 55341 56581 59934 60129 60237 62022 64702 66517
pandas/tests/frame/methods/test_copy.py 42477
pandas/tests/frame/methods/test_count.py 423
pandas/tests/frame/methods/test_cov_corr.py 1761 9490 14617 18570 21925 22298 34611 37448 37452 43401 45640 48826
pandas/tests/frame/methods/test_describe.py 6145 11558 13891 21332 26397 26660 27183 32409 32528 48778 52570 58517 60550 61863
pandas/tests/frame/methods/test_diff.py 4533 9727 10907 14773 18578 21437 24171 28813 32441 32995 44572
pandas/tests/frame/methods/test_drop.py 2101 5355 5628 6240 8594 11640 12392 12701 12754 13934 16398 18561 19186 21494 21761 27994 30399 30484 36293 42771 42881 45860 61823 63207 63304
pandas/tests/frame/methods/test_drop_duplicates.py 11376 11864 14192 17836 19730 20516 30114 38274 59237
pandas/tests/frame/methods/test_droplevel.py 20342
pandas/tests/frame/methods/test_dropna.py 13407 20987 25087 31725 41021 41965 46575
pandas/tests/frame/methods/test_dtypes.py 6525 35517 46409
pandas/tests/frame/methods/test_duplicated.py 19730 21524 21720 25184 61191
pandas/tests/frame/methods/test_equals.py 9330 28839 43867
pandas/tests/frame/methods/test_explode.py 8517 10511 28005 34932 39240 46084
pandas/tests/frame/methods/test_fillna.py 3386 6344 7095 8377 14021 14407 15522 15855 32950 36974 38966 40989 43476 45153 45603 46149 47188 47649 47713 48480 48863 53498 56492 57723 61208
pandas/tests/frame/methods/test_filter.py 5798 13101 54980
pandas/tests/frame/methods/test_first_valid_index.py 9752 12800 17400 21441
pandas/tests/frame/methods/test_get_numeric_data.py 22290
pandas/tests/frame/methods/test_head_tail.py 5370
pandas/tests/frame/methods/test_infer_objects.py 11221
pandas/tests/frame/methods/test_info.py 11761 14298 14308 36579 37245 45494 50066 51922 55136
pandas/tests/frame/methods/test_interpolate.py 6290 9687 10395 11312 12918 15662 22985 29132 40252 44749 45791 51005 53199 53635 55347
pandas/tests/frame/methods/test_isetitem.py 49922 51701
pandas/tests/frame/methods/test_isin.py 4211 4763 15473 16394 16991 34256 53514
pandas/tests/frame/methods/test_iterrows.py 35665
pandas/tests/frame/methods/test_join.py 1532 9455 10741 12219 22231 33692 40993 46046 46622 46850 61675
pandas/tests/frame/methods/test_map.py 465 2627 2689 2786 2909 8222 23803 40652 46719 52219
pandas/tests/frame/methods/test_matmul.py 10259 21581
pandas/tests/frame/methods/test_nlargest.py 10393 13412 15297 16818 22752 23033 43060 46589
pandas/tests/frame/methods/test_pct_change.py 7292 11150 30463 54481
pandas/tests/frame/methods/test_pop.py 10912
pandas/tests/frame/methods/test_quantile.py 2460 7312 9543 10174 14357 14564 17198 18463 23925 24600 39763 41544
pandas/tests/frame/methods/test_rank.py 15630 18271 18521 32593 55362
pandas/tests/frame/methods/test_reindex.py 3317 4746 6631 10388 11314 14992 22060 23693 26683 27315 28631 28690 38566 38906 39755 40817 45153 45857 48184 48190 52586 63993
pandas/tests/frame/methods/test_rename.py 4403 5344 12392 13473 13766 19497 23859 29136 44153 58621 65315
pandas/tests/frame/methods/test_rename_axis.py 15704 17833 19978 25034 44958
pandas/tests/frame/methods/test_replace.py 3064 3907 11326 11698 15289 16051 16784 18634 19266 20380 21977 24798 25259 25438 26632 26988 27660 31414 31517 32075 34789 34871 35268 35376 35977 38900 39338 40371 41333 44485 44499 44940 45601 45836 46306 46634 46672 48231 48644 50373 51237 53977 54399 55127 60688 61671 61972
pandas/tests/frame/methods/test_reset_index.py 3950 5818 6322 6878 7746 7793 11479 12071 16120 16164 16263 19136 19602 24206 36541 38147 44755 45230
pandas/tests/frame/methods/test_round.py 2665 11611 11763 11885 11986 12600 14197 21809 30063 51032
pandas/tests/frame/methods/test_sample.py 2419 27357 27451 30784 32503 38100 38581 42843 61516
pandas/tests/frame/methods/test_select_dtypes.py 11990 20839 24558 28943 35340 40234 42452 46870 59888 61916 65366 66119 66120
pandas/tests/frame/methods/test_set_axis.py 14636 44958 47932
pandas/tests/frame/methods/test_set_index.py 1590 1971 3308 3950 6631 7092 12358 12920 13743 13854 24969 24984 38419
pandas/tests/frame/methods/test_shift.py 1063 6371 8019 8129 9092 9416 13926 21049 21275 22397 24128 31971 35488 38434 40799 42719 44424 44564 44978 47039 52373 53802 57301 60102 60389
pandas/tests/frame/methods/test_size.py 52897
pandas/tests/frame/methods/test_sort_index.py 2684 3917 8017 12261 13496 14015 14784 15058 15622 15687 21052 23452 24247 25775 25818 26053 29735 30114 39434 43591 44153 51612 55379 56478 57151 57293 64383 64883
pandas/tests/frame/methods/test_sort_values.py 3461 3917 4839 6399 9918 10806 13230 14353 14922 16793 16836 22556 30114 38426 39426 41634 45618 50643 52553 61512
pandas/tests/frame/methods/test_to_csv.py 3437 3454 3457 3503 3624 4328 5539 6186 7791 8215 10833 11619 11637 12922 13259 15891 15982 20353 21241 21406 23595 25311 26303 28210 46297 46812 47436 57875 61514
pandas/tests/frame/methods/test_to_dict.py 10844 11247 12859 14216 16122 16927 18372 18580 21256 22620 22801 23753 24939 24940 32515 34665 46398 46751 50795 54824 58281
pandas/tests/frame/methods/test_to_dict_of_blocks.py 8850 9607
pandas/tests/frame/methods/test_to_numpy.py 53115
pandas/tests/frame/methods/test_to_period.py 7606
pandas/tests/frame/methods/test_to_records.py 3189 8626 11879 13172 13937 18146 21064 32535 47263
pandas/tests/frame/methods/test_to_timestamp.py 33327
pandas/tests/frame/methods/test_transpose.py 19970 26825 41382 44917 51546 57315
pandas/tests/frame/methods/test_truncate.py 17935 34564 42365
pandas/tests/frame/methods/test_tz_convert.py 6326 7846
pandas/tests/frame/methods/test_tz_localize.py 6326
pandas/tests/frame/methods/test_update.py 3016 3217 16713 25807 29462 44104 47188 55509 63452
pandas/tests/frame/methods/test_value_counts.py 41334 50829 54775 54836
pandas/tests/frame/methods/test_values.py 10364
pandas/tests/frame/test_alter_axes.py 6785
pandas/tests/frame/test_api.py 1893 16409 18147 25509 31324 33628 38740 38782
pandas/tests/frame/test_arithmetic.py 910 4576 4968 4982 5104 5185 6681 7325 8511 9463 11565 12564 12689 12723 13128 13758 15077 15697 17901 18549 19611 22047 22163 22534 22663 22800 22880 23000 26558 27415 28600 30857 31623 32685 32822 34367 34388 36702 36795 36796 43201 43321 47382 49769 60498 60903 61009 61581 64428 64657
pandas/tests/frame/test_block_internals.py 5191 24096 26390 63685
pandas/tests/frame/test_constructors.py 484 622 1491 2355 2751 2809 2810 3010 3105 3783 4078 4297 4851 5016 6032 7594 7822 7893 8076 8411 8626 9232 9428 9939 10056 10160 10856 10863 10952 11181 11220 11363 12513 13304 13475 14381 14467 14600 14881 15869 16114 16605 16804 16894 18166 18455 18584 19018 19157 20624 21142 21226 21428 21910 21987 22227 23985 24386 24574 25416 25691 25843 26342 26349 26356 26429 26460 26825 26919 32173 32218 32776 33401 33437 34832 34915 35417 38939 39462 40110 40363 41555 41682 42424 42505 42810 42934 43042 43986 44091 44724 45369 46822 47215 47294 49593 49599 53617 53744 54430 54496 55363 56012 60064 61443 64634 64958 65751
pandas/tests/frame/test_cumulative.py 19296 66257 66551
pandas/tests/frame/test_iteration.py 7839 12222 13918 17213 19671 26427 28282
pandas/tests/frame/test_logical_ops.py 4604 4947 5808 13896 38367 52500 52538
pandas/tests/frame/test_nonunique_indexes.py 2079 3468 3687 5639 6120 6121 12344
pandas/tests/frame/test_npfuncs.py 26247 52042
pandas/tests/frame/test_query_eval.py 7192 7198 11485 12749 13139 14095 15186 21374 24883 29618 34045 34251 34966 35247 49633 50261 51815 57028 57068 58041 58748 59285 65357 65588
pandas/tests/frame/test_reductions.py 676 3106 4147 6806 9201 11670 12863 12941 13912 16116 16306 16378 17235 17667 18588 19976 21020 21484 21597 22642 23070 24757 25101 28552 28949 30886 32571 33704 34479 35450 36076 36585 36907 37392 37659 40346 43178 43929 46852 46947 50628 51242 51335 51474 52524 53098 53115 53265 54341 55368 56903 60646 61204 64266 65500 65710 66551
pandas/tests/frame/test_repr.py 2200 12182 12857 25445 26447 30263 33065 39336 45263 47986 48526 53762 53841 54797 55011
pandas/tests/frame/test_stack_unstack.py 403 451 2278 2929 3170 3997 4342 4862 7401 7403 7405 7466 8039 8584 8844 9406 9497 9746 9856 10417 12815 13854 13971 14018 15105 15239 16323 16925 17845 17886 18265 18303 18310 18338 18562 19420 19966 20601 20994 23077 26314 28301 30740 34708 36113 36991 37510 39481 43561 45740 48763 53636 54948 56573 60740 61221 62816 65107 66588
pandas/tests/frame/test_subclass.py 9762 9776 10553 11559 11808 12983 13977 15564 19822 25596 28330 40810 43668 57008 57032
pandas/tests/frame/test_ufunc.py 39853 40662 43190
pandas/tests/frame/test_unary.py 16073 21380 51032
pandas/tests/generic/test_duplicate_labels.py 57431
pandas/tests/generic/test_finalize.py 28759 46505 51607
pandas/tests/generic/test_frame.py 6923 6927 8597 15370
pandas/tests/generic/test_generic.py 4633 5191 8846 8999 11229 11382 12021 12301 15444
pandas/tests/groupby/aggregate/test_aggregate.py 610 1268 5782 6212 7001 7115 8112 8582 16916 21240 25581 25692 25719 26310 26611 27800 28426 28467 28570 29422 30880 31223 31256 31760 31777 32240 32580 32793 33439 34422 35490 35516 37493 39178 40014 41720 43132 43290 43701 50402 50624 50724 51186 52849 55006 55041 58810 59601 63742
pandas/tests/groupby/aggregate/test_cython.py 16741 18869 53425
pandas/tests/groupby/aggregate/test_numba.py 41647 43133 44952
pandas/tests/groupby/aggregate/test_other.py 3579 3788 6715 7929 9052 11199 12334 12821 14758 15426 18473 23683 27110 29589 29641 43741
pandas/tests/groupby/methods/test_describe.py 4792 5610 14848 17464 35314 41575 49256 50806 54193
pandas/tests/groupby/methods/test_groupby_shift_diff.py 24128 30134 41264 44424 53832 54093
pandas/tests/groupby/methods/test_is_monotonic.py 17015
pandas/tests/groupby/methods/test_kurt.py 40139
pandas/tests/groupby/methods/test_nlargest_nsmallest.py 15272 16345 21411 29129
pandas/tests/groupby/methods/test_nth.py 2763 6620 6621 7559 9311 11038 11244 12839 15884 16064 20520 20760 21603 22512 24205 26011 26454 29645 32800 33591 42947 44688 45089 53518
pandas/tests/groupby/methods/test_quantile.py 28662 29485 30289 33168 33200 33569 37493 42849 51373 53009 64330
pandas/tests/groupby/methods/test_rank.py 16577 20561 22519 23666 32859 40518 51034 54206
pandas/tests/groupby/methods/test_sample.py 39927 39928 48459
pandas/tests/groupby/methods/test_size.py 54132 55627
pandas/tests/groupby/methods/test_skew.py 50407
pandas/tests/groupby/methods/test_value_counts.py 9212 28479 38672 39172 41334 42618 43564 44324 44992 46357 46383 50482 50486 55627 55951 59989
pandas/tests/groupby/test_all_methods.py 32464 50806 50845
pandas/tests/groupby/test_api.py 48028
pandas/tests/groupby/test_apply.py 1738 2656 2936 3380 3480 3610 4648 5545 5592 5610 5788 5789 7002 7155 7739 8155 10078 10519 12155 12824 13217 13568 14423 14849 14927 15421 15562 15670 17718 20084 20420 20949 21417 21651 22221 22541 24903 26182 26209 27212 28247 28652 28984 29617 30667 31111 31248 31441 31605 31613 34271 34306 34455 34656 34998 35964 38227 40673 41477 41480 42702 43205 44310 44803 46369 46479 47985 49256 49907 52444 53974 60619
pandas/tests/groupby/test_categorical.py 3011 8138 8623 8868 8869 8870 9049 9603 9614 9921 10132 10138 10460 10505 11558 13179 13204 13743 13854 14942 15155 15166 17605 18502 20416 20583 21151 23865 23970 24271 24592 24740 24880 25167 25871 26385 27075 28597 28641 28787 29037 29837 32293 33090 33410 34951 37275 38642 42482 44179 45128 48645 48749 49223 49354 49950 52760
pandas/tests/groupby/test_counting.py 5610 8169 21956 54751
pandas/tests/groupby/test_cumulative.py 4095 5614 5755 12811 15048 15561 15635 34047 37493 46382 48064 50407 65550
pandas/tests/groupby/test_filters.py 4447 4620 4621 6512 10114 10780 12768 17091 62501
pandas/tests/groupby/test_groupby.py 421 995 1065 1135 1291 1313 1677 2808 3911 5289 5375 5755 5764 6124 6265 6733 6992 7972 8093 9049 9236 9444 9790 9959 10355 11185 11640 11741 12363 12902 13432 13901 14776 15036 15062 15072 15106 16174 17927 18203 18451 19995 21624 21716 21755 24196 25704 25971 26326 26411 26475 26859 27992 29189 29635 29764 30859 31735 34037 34164 35202 35246 36842 37493 37755 38774 38778 38815 38934 40148 41291 41998 42016 42395 42795 43108 43412 44417 46216 46560 47348 47787 48509 48567 50100 50347 50744 50806 51040 51080 51583 51818 53500 54347 54847 56851 56966 57595 58446 63975 65140
pandas/tests/groupby/test_groupby_dropna.py 3729 35014 35612 35646 35889 36327 36604 39895 46584 46783 48506 48794 49519
pandas/tests/groupby/test_groupby_subclass.py 28330 37343 45314 62134
pandas/tests/groupby/test_grouping.py 679 1048 4014 5267 5375 7511 7885 8121 8542 8795 8866 9049 9344 10063 13394 13530 13731 13901 14327 14334 14715 16843 17537 17977 17979 18432 22257 23566 25871 26564 36158 42731 49434 50383 50413 51158 51979 57192 59179 59712 66046
pandas/tests/groupby/test_indexing.py 32492 42864 44924
pandas/tests/groupby/test_libgroupby.py 4095 10448 50367 53606 60303
pandas/tests/groupby/test_missing.py 9304 25610 29764 34725 37821
pandas/tests/groupby/test_numba.py 55520
pandas/tests/groupby/test_numeric_only.py 3668 5724 15561 46072 46560 51424
pandas/tests/groupby/test_raises.py 50749
pandas/tests/groupby/test_reductions.py 4147 6620 6944 9311 11077 12553 13453 15675 17382 17537 18588 21334 21668 23222 25444 26321 27951 28641 31471 35109 37501 37506 40585 40767 41111 41743 42659 45231 46573 48481 51332 52151 53425 55619 56903 57019 57040 57591 62778 65100 65372 66551
pandas/tests/groupby/test_sparse.py 36123 64758
pandas/tests/groupby/test_timegrouper.py 1430 3794 3881 3950 4161 5869 6410 6764 6908 6914 10295 11442 11616 11682 17575 32108 43486 43487 43500
pandas/tests/groupby/transform/test_numba.py 41647 43133 57069
pandas/tests/groupby/transform/test_transform.py 3740 4095 5712 7883 8046 8430 9697 9700 9807 9941 10972 12713 12737 13191 15306 15429 16771 16875 17093 19200 19354 19437 20653 21200 21207 21521 22243 23918 24198 24211 27469 27472 27486 27496 29631 30918 32293 32494 45648 49834 55268 58084 58318 58811
pandas/tests/indexes/base_class/test_constructors.py 10697 45608 54430 56012 57130
pandas/tests/indexes/base_class/test_formats.py 3869 32146
pandas/tests/indexes/base_class/test_indexing.py 14273 25459 37800 45806
pandas/tests/indexes/base_class/test_pickle.py 43155 43188
pandas/tests/indexes/base_class/test_reshape.py 7256 22295 44509 55365 61709
pandas/tests/indexes/base_class/test_setops.py 10149 13432 25151 55333
pandas/tests/indexes/base_class/test_where.py 65685
pandas/tests/indexes/categorical/test_append.py 14298 41626
pandas/tests/indexes/categorical/test_astype.py 18630
pandas/tests/indexes/categorical/test_category.py 10039 12309 18295 18862 25464 34974
pandas/tests/indexes/categorical/test_constructors.py 18109 19032 22702
pandas/tests/indexes/categorical/test_equals.py 37667 55364
pandas/tests/indexes/categorical/test_fillna.py 11343 37681
pandas/tests/indexes/categorical/test_indexing.py 12531 12631 17323 21729 23705 41933 45361
pandas/tests/indexes/categorical/test_map.py 12756 12766 24241 31202
pandas/tests/indexes/categorical/test_reindex.py 11586 16770 25459 42424
pandas/tests/indexes/categorical/test_setops.py 55335 57318
pandas/tests/indexes/datetimelike_/test_drop_duplicates.py 10115
pandas/tests/indexes/datetimelike_/test_equals.py 13107 28532
pandas/tests/indexes/datetimelike_/test_is_monotonic.py 31437
pandas/tests/indexes/datetimelike_/test_sort_values.py 10295 35922
pandas/tests/indexes/datetimelike_/test_value_counts.py 7735
pandas/tests/indexes/datetimes/methods/test_asof.py 50946
pandas/tests/indexes/datetimes/methods/test_astype.py 1345 13149 13209 18951 20997
pandas/tests/indexes/datetimes/methods/test_factorize.py 13750 38120 51978 66046
pandas/tests/indexes/datetimes/methods/test_fillna.py 11343 45153
pandas/tests/indexes/datetimes/methods/test_insert.py 7299 16537 18295 33573 33703
pandas/tests/indexes/datetimes/methods/test_isocalendar.py 6538 66549
pandas/tests/indexes/datetimes/methods/test_map.py 20990 22067 57192
pandas/tests/indexes/datetimes/methods/test_normalize.py 13459
pandas/tests/indexes/datetimes/methods/test_round.py 14440 15578 21262
pandas/tests/indexes/datetimes/methods/test_shift.py 8083 8616 9903 14811 19147 22458
pandas/tests/indexes/datetimes/methods/test_to_frame.py 25809 44212 45448
pandas/tests/indexes/datetimes/methods/test_to_julian_date.py 54763
pandas/tests/indexes/datetimes/methods/test_to_period.py 7606 22905 36939 56243 64158
pandas/tests/indexes/datetimes/methods/test_tz_convert.py 4496 5546 13306 13583 51716 66550
pandas/tests/indexes/datetimes/methods/test_tz_localize.py 8917 13057 13583 40705 40915 46460 65733 66550 66697
pandas/tests/indexes/datetimes/methods/test_unique.py 2563 21737
pandas/tests/indexes/datetimes/test_arithmetic.py 35388 37295 41943 48818 62094
pandas/tests/indexes/datetimes/test_constructors.py 1475 1624 3746 4229 5152 6572 11488 11587 12619 13663 13721 18595 18664 18785 20854 20997 23579 23675 23986 24559 24739 24753 27011 29794 35297 47471 48659 49292 54620 55499 55756 55780 55813 57535 61086 65012 66123
pandas/tests/indexes/datetimes/test_date_range.py 456 770 1095 1645 1673 1778 2906 5115 5348 6673 6961 9313 9907 10885 11018 11587 11626 11804 12064 12409 12684 13672 14187 20517 20808 20854 20983 23270 24124 24252 24255 30593 34703 35342 41563 43394 46331 46877 49106 49441 49835 55293 56134 56147 57456 58998 62849 64648 64790 64834 65011
pandas/tests/indexes/datetimes/test_datetime.py 5348 8943 62051
pandas/tests/indexes/datetimes/test_formats.py 9116 11552 53634 66547
pandas/tests/indexes/datetimes/test_freq_attr.py 20678
pandas/tests/indexes/datetimes/test_indexing.py 1062 4226 7827 8667 9512 10295 11818 12631 14354 20464 24555 30588 32572 34077 35114 35690 36148 62158 62277 63262
pandas/tests/indexes/datetimes/test_iter.py 8890 9100 19603 21012 28055
pandas/tests/indexes/datetimes/test_join.py 32157 62158
pandas/tests/indexes/datetimes/test_npfuncs.py 14042
pandas/tests/indexes/datetimes/test_ops.py 11018
pandas/tests/indexes/datetimes/test_partial_slicing.py 1644 2658 4294 4758 13090 13929 14856 16071 16785 19362 19451 24076 24892 27516 31064 37819 50907
pandas/tests/indexes/datetimes/test_pickle.py 4606 8367 11002
pandas/tests/indexes/datetimes/test_reindex.py 7774 32740
pandas/tests/indexes/datetimes/test_scalar_compat.py 1946 6538 11128 12805 12806 12816 13303 21230 21267 21358 22342 46768 57377 58523 58524 58664 58729 66549
pandas/tests/indexes/datetimes/test_setops.py 771 2129 4690 7880 10149 11086 14323 21671 24959 33604 35876 38196 39328 42104 44025 45863 46702 55238 59036 59271 60080 62915 65191 66322
pandas/tests/indexes/datetimes/test_timezones.py 1581 2621 18031 25241
pandas/tests/indexes/interval/test_astype.py 15832
pandas/tests/indexes/interval/test_constructors.py 18421 19016 19262 19370 21243 23013 27172 36310 38394 46999 55714 56765
pandas/tests/indexes/interval/test_formats.py 25984 28210 32553 55035
pandas/tests/indexes/interval/test_indexing.py 16410 17284 20636 20921 25860 30063 30178 30588 31117 37968 41831 41934 44051 44084 47614 52245
pandas/tests/indexes/interval/test_interval.py 16560 18295 18756 18789 19209 20636 21670 23309 23576 27571 41831 55715 66518
pandas/tests/indexes/interval/test_interval_range.py 20976 21161 54477 58964
pandas/tests/indexes/interval/test_interval_tree.py 23309 25485 46658
pandas/tests/indexes/interval/test_join.py 45661
pandas/tests/indexes/interval/test_setops.py 19016 19101 26225 38743
pandas/tests/indexes/multi/test_analytics.py 5620 8083 13660 34564 40115 42785
pandas/tests/indexes/multi/test_astype.py 18630
pandas/tests/indexes/multi/test_constructors.py 7888 11193 12258 13599 13743 14848 15110 15286 15457 16777 18434 20527 22420 26408 27292 28152 28518 39984 46900 60695
pandas/tests/indexes/multi/test_conversion.py 22420 22580 45245
pandas/tests/indexes/multi/test_copy.py 12309 47878
pandas/tests/indexes/multi/test_drop.py 12078 18853 33494 37208 37820
pandas/tests/indexes/multi/test_duplicates.py 4060 5873 9075 9125 10115 17464 17896 17927 18872 19029 19432 20568 48335
pandas/tests/indexes/multi/test_equivalence.py 9785 9947 10637 17464 21149 21517 34180 38439 46026 65700
pandas/tests/indexes/multi/test_formats.py 10182 52960
pandas/tests/indexes/multi/test_get_level_values.py 10460 17924 32669 33131 49054 57949 58327
pandas/tests/indexes/multi/test_get_set.py 7792 13754 13854 16147 21149 23273 37062 38580 45174 48636 52125
pandas/tests/indexes/multi/test_indexing.py 8569 10645 15994 18368 18485 18519 18520 18818 19027 19086 19132 22221 22533 24570 30053 35878 37222 41918 43212 48384 49830 55786 57922 60104 64807
pandas/tests/indexes/multi/test_integrity.py 5123 8456 12527 12893 18165
pandas/tests/indexes/multi/test_isin.py 19132 20252 26622 48905 51599 52568
pandas/tests/indexes/multi/test_join.py 10665 25760 28956 29252 34074 44096 49277 49830 53093
pandas/tests/indexes/multi/test_lexsort.py 28518
pandas/tests/indexes/multi/test_missing.py 6194 7031 11343 26408
pandas/tests/indexes/multi/test_monotonic.py 37220
pandas/tests/indexes/multi/test_names.py 9857 14302 19029 20421 35592
pandas/tests/indexes/multi/test_partial_indexing.py 10331 12685
pandas/tests/indexes/multi/test_pickle.py 63078
pandas/tests/indexes/multi/test_reindex.py 6552 7774 21247 26460 41170 42883
pandas/tests/indexes/multi/test_reshape.py 7112 9250 48288 54934
pandas/tests/indexes/multi/test_setops.py 10149 13490 15270 24959 25151 25169 30302 32646 36915 38323 38423 38623 38977 40080 41234 43222 47294 48498 48505 48604 48606 48607 48900 49010 49974 61382 61807 62059
pandas/tests/indexes/multi/test_sorting.py 2770 11897 16556 16734 18417 21136 37510 48495 48626 51612 55386
pandas/tests/indexes/multi/test_take.py 10791 12631
pandas/tests/indexes/multi/test_util.py 31355
pandas/tests/indexes/numeric/test_astype.py 12881 13149 45309 49660
pandas/tests/indexes/numeric/test_indexing.py 7820 8569 10411 12631 16877 32413 32572 35788 39133 39382
pandas/tests/indexes/numeric/test_numeric.py 11343 15832 31163 31329 44609 45153 47475 49535 55710
pandas/tests/indexes/object/test_astype.py 45722
pandas/tests/indexes/object/test_indexing.py 22332 50690
pandas/tests/indexes/period/methods/test_asfreq.py 55785 56945
pandas/tests/indexes/period/methods/test_astype.py 13149 13209 55958
pandas/tests/indexes/period/methods/test_fillna.py 11343 45153
pandas/tests/indexes/period/methods/test_insert.py 18295
pandas/tests/indexes/period/methods/test_repeat.py 10183
pandas/tests/indexes/period/methods/test_shift.py 8083 9903 22458
pandas/tests/indexes/period/methods/test_to_timestamp.py 7228 44100 63760
pandas/tests/indexes/period/test_constructors.py 1118 1264 7811 9586 13067 13079 13664 24391 52064 53687 55784 56899 58998 64158 64241 65921
pandas/tests/indexes/period/test_formats.py 7601 9116 10971
pandas/tests/indexes/period/test_freq_attr.py 20678
pandas/tests/indexes/period/test_indexing.py 6716 7116 7710 10295 12631 13582 17717 31172 34240
pandas/tests/indexes/period/test_join.py 55782
pandas/tests/indexes/period/test_monotonic.py 17717
pandas/tests/indexes/period/test_partial_slicing.py 5407 6716 45580 50907
pandas/tests/indexes/period/test_period_range.py 52536 54939 59143
pandas/tests/indexes/period/test_pickle.py 2891
pandas/tests/indexes/period/test_scalar_compat.py 17157 34449 46768
pandas/tests/indexes/period/test_setops.py 14323 24959 36289 38302
pandas/tests/indexes/ranges/test_constructors.py 12288 64148
pandas/tests/indexes/ranges/test_indexing.py 12631 28631 28678 43240 55833 64148
pandas/tests/indexes/ranges/test_join.py 54646
pandas/tests/indexes/ranges/test_range.py 11552 16212 16685 18295 25710 26565 26617 35432 39401 41151 43666 46176 52764 53255 53387
pandas/tests/indexes/ranges/test_setops.py 12034 17296 43885 44019 44085
pandas/tests/indexes/string/test_astype.py 49658
pandas/tests/indexes/test_any_index.py 7897 8367 12766 18699 19956 21282 23081 55601
pandas/tests/indexes/test_base.py 6194 6273 6274 6552 7774 9068 9785 9910 10875 12309 12631 12756 12766 13120 13467 13514 13601 14302 15187 16785 16991 18304 19348 19708 23524 25464 26447 27125 27172 30103 30588 31324 34123 35132 38051 45580 47105 50907 51612 55755 55821 57333 57436 57911 61099 62169 65393
pandas/tests/indexes/test_common.py 11343 12309 13365 15230 17271 17896 20527 21115 21121 22580 25288 35584 35592 56081 57130 62897
pandas/tests/indexes/test_datetimelike.py 14811 55080
pandas/tests/indexes/test_frozen.py 26447
pandas/tests/indexes/test_index_new.py 1396 5460 15187 15832 18400 18505 31884 32167 43042 45206 49340 49594
pandas/tests/indexes/test_indexing.py 10791 16819 16957 18368 19860 22085 35392 41882 42875 48411 52877 54746 64674 66125
pandas/tests/indexes/test_old_base.py 8083 8608 9947 10182 10637 11193 11343 12309 15270 18295 18630 27585 29069 30588 31202 31479 32669 32898 36840 43921 44051 51363 55709
pandas/tests/indexes/test_setops.py 6444 9862 9943 10149 13514 20040 23525 31326 35847 36289 38743 51365 53490 54646 55113 58421 60797 63169
pandas/tests/indexes/timedeltas/methods/test_astype.py 13149 13209
pandas/tests/indexes/timedeltas/methods/test_factorize.py 38120 66046
pandas/tests/indexes/timedeltas/methods/test_fillna.py 11343 45153
pandas/tests/indexes/timedeltas/methods/test_insert.py 18295 33573 33703
pandas/tests/indexes/timedeltas/methods/test_resolution.py 65186
pandas/tests/indexes/timedeltas/methods/test_shift.py 8083 9903 19147
pandas/tests/indexes/timedeltas/test_arithmetic.py 51575
pandas/tests/indexes/timedeltas/test_constructors.py 10025 21877 23539 24739 24753 29794 39462 52536 59051
pandas/tests/indexes/timedeltas/test_delete.py 30655
pandas/tests/indexes/timedeltas/test_formats.py 9116 55405
pandas/tests/indexes/timedeltas/test_freq_attr.py 20678
pandas/tests/indexes/timedeltas/test_indexing.py 4226 9512 10295 12631 13603 16896 16909 20464 32572 33603 59051
pandas/tests/indexes/timedeltas/test_join.py 32157
pandas/tests/indexes/timedeltas/test_ops.py 11018
pandas/tests/indexes/timedeltas/test_scalar_compat.py 10939
pandas/tests/indexes/timedeltas/test_setops.py 4690 14323 24471 24966 59051 63169 65191 66322
pandas/tests/indexes/timedeltas/test_timedelta.py 15589
pandas/tests/indexes/timedeltas/test_timedelta_range.py 20976 33498 49824 52536 59143
pandas/tests/indexing/interval/test_interval.py 25298 27437 27456 41831 51826 54722
pandas/tests/indexing/interval/test_interval_new.py 27365 31658 46658
pandas/tests/indexing/multiindex/test_chaining_and_caching.py 5727
pandas/tests/indexing/multiindex/test_datetime.py 4861 35015
pandas/tests/indexing/multiindex/test_getitem.py 4145 4146 5725 6018 15454 25154 29751 36936 42102 50372
pandas/tests/indexing/multiindex/test_iloc.py 1678 5528 13797 17148
pandas/tests/indexing/multiindex/test_indexing_slow.py 2646 7724
pandas/tests/indexing/multiindex/test_loc.py 671 2817 3053 5286 6788 7349 7399 7400 7866 7914 8737 9892 10521 10710 13501 14730 14885 15424 15434 15452 15928 16018 16699 19517 19556 19686 20951 21168 21593 24091 24263 25236 27104 27148 27420 27456 31330 34603 37194 37711 39147 40978 41369 42102 43599 43908 44752 46699 51892 58116 64689
pandas/tests/indexing/multiindex/test_multiindex.py 3588 19414 23578 30892 34019 38015 38025 38439 42145 46173 51261 51500 61841 62518
pandas/tests/indexing/multiindex/test_partial.py 397 12416 12660 25165 33355
pandas/tests/indexing/multiindex/test_setitem.py 1013 1534 1803 3738 3777 4686 5206 7190 7218 11372 13474 17024 17895 33355 53053 54875 59153
pandas/tests/indexing/multiindex/test_slice.py 6134 7106 7429 8132 12697 12896 16396 16734 29519 38071
pandas/tests/indexing/multiindex/test_sorted.py 48495
pandas/tests/indexing/test_at.py 7814 19860 20948 22740 25506 29282 31724 33041 43395 48296 48323 48729 51866
pandas/tests/indexing/test_categorical.py 7918 9748 11586 12531 17569 20629 37901 41933 58954
pandas/tests/indexing/test_chaining_and_caching.py 3970 4939 5424 5475 6025 6026 6056 6394 7084 8730 13569 42570
pandas/tests/indexing/test_coercion.py 33469 35865 36319 45153
pandas/tests/indexing/test_datetime.py 8260 11679 12050 12938 22040 33589 46903 53644
pandas/tests/indexing/test_floats.py 4892 5557
pandas/tests/indexing/test_iat.py 4390
pandas/tests/indexing/test_iloc.py 2259 4017 4892 5006 5771 6059 6296 6766 7551 10043 10547 10779 11485 13873 14580 15686 17130 17192 17193 18586 19474 20438 20511 20627 21867 21982 22035 22036 22046 24919 25753 26658 27620 27937 29521 31861 32085 32257 36741 37593 37728 38335 38952 39004 39986 44551 44703 45032 45241 45324 45333 60994 61311 62462 64229 64230 65264 65446 66100
pandas/tests/indexing/test_indexers.py 9995 66100
pandas/tests/indexing/test_indexing.py 3216 3455 3468 3492 3509 3561 3586 3626 4312 4619 5508 5553 5702 5835 6043 6504 8258 9983 10280 10610 11652 11836 13831 14001 14424 16957 17170 17347 24924 25567 26333 32431 37629 38335 45333 47776 48933 60273 65264
pandas/tests/indexing/test_loc.py 1048 3449 3635 3659 3880 4125 4280 4516 4726 5226 5678 5782 6149 6173 6252 6254 6485 6541 6546 7496 7523 7704 7999 8669 8720 9478 9516 10408 10503 10583 10586 10692 11365 11428 11485 11497 11594 12045 12089 12411 12862 13691 13831 13873 14155 14316 14592 14836 14946 15166 15231 15494 15631 15815 15824 16121 16309 16360 16637 16710 16889 16896 17026 17110 17131 18308 18311 18631 19399 19456 19474 19977 20388 20393 20432 20684 20722 20724 20948 20975 20991 21846 22500 22797 23326 23462 24091 24612 24924 25383 25495 25548 25594 25806 25927 26049 26491 26658 26779 26939 27395 27591 28403 28837 29334 31340 31805 31810 31840 32346 32650 33146 33964 34034 34318 34497 34526 34540 34687 34870 35349 35509 37346 37748 37750 37932 38601 38896 39163 40096 40480 41044 41170 41626 41775 42055 42099 42437 44103 44322 45479 45501 45580 46406 47006 47503 47677 51363 51435 51450 52235 52319 52927 54409 56024 57027 57735 58316 58317 59933 60600 62369 62523 63071 65094 65241 65418 66105 66402
pandas/tests/indexing/test_partial.py 2578 4825 4940 5632 5720 5744 5756 5932 6171 8473 11278 11497 17895 31368 36527 36953 37819 53983 62523
pandas/tests/indexing/test_scalar.py 6493 7729 15822 19860 23236 26989 32809 33041 38053
pandas/tests/interchange/test_impl.py 49889 52795 53155 54239 56702 56712
pandas/tests/interchange/test_utils.py 52323
pandas/tests/internals/test_api.py 33892 40226 41168 55139
pandas/tests/internals/test_internals.py 2431 9330 37524 37799 60273 65382
pandas/tests/io/excel/test_odf.py 45598 66579
pandas/tests/io/excel/test_odswriter.py 42286 43445 45687 54994
pandas/tests/io/excel/test_openpyxl.py 29854 38956 39181 39528 39547 39576 40230 41681 42286 43445 45687 46988 47487 55027 56542 63010 64027
pandas/tests/io/excel/test_readers.py 4679 4903 5945 6114 6403 8212 9208 10001 11317 11733 12655 15914 16645 18792 20377 25453 26566 31467 31783 32207 33476 34673 34748 35029 35211 35802 36122 36435 36712 38424 38788 38884 39250 39808 40442 41448 41778 42462 43143 46894 48706 52214 52716 53830 55045 56542 58159 60088 64027
pandas/tests/io/excel/test_style.py 46381 54154 60099
pandas/tests/io/excel/test_writers.py 2370 3611 4133 4679 5235 5616 6573 7056 7074 8188 8825 9155 9450 9794 10970 10982 11007 11328 11544 12051 12292 12453 12870 13347 13511 15160 18735 19242 19395 19543 26080 27006 27008 30986 31677 34331 39695 40230 45793 49598 52368 56542 56954 57696 60099 60274 61194
pandas/tests/io/excel/test_xlrd.py 29375 41226 54564 56542
pandas/tests/io/excel/test_xlsxwriter.py 42286 45687
pandas/tests/io/formats/style/test_bar.py 62369
pandas/tests/io/formats/style/test_format.py 21527 43383 46384 51903
pandas/tests/io/formats/style/test_highlight.py 31345 42750 45804
pandas/tests/io/formats/style/test_html.py 36223 38533 41893 42934 43619 43644 44272 47103
pandas/tests/io/formats/style/test_matplotlib.py 12145 28869 39888 50712
pandas/tests/io/formats/style/test_non_unique.py 41269
pandas/tests/io/formats/style/test_style.py 14194 19824 19861 21527 33562 35588 35607 35663 36159 36345 39317 39396 39563 40675 41893 42014 43305 43464 43703 44011 44247 44272 47053 47838 52728
pandas/tests/io/formats/style/test_to_latex.py 42320 43637 43644 45156 46037 47203
pandas/tests/io/formats/style/test_tooltip.py 21266 39563 56605
pandas/tests/io/formats/test_console.py 21552
pandas/tests/io/formats/test_format.py 6839 6939 7101 7117 7856 10451 12211 12615 13000 16097 19030 21180 21746 22984 25919 32461 35410 37359 38708 40024 57188 60455 60568
pandas/tests/io/formats/test_ipython_compat.py 10491 15996 58055
pandas/tests/io/formats/test_printing.py 60190 64638
pandas/tests/io/formats/test_to_csv.py 781 6618 6783 7791 10209 10755 10813 11553 13068 15008 17097 18676 19589 19827 20353 21561 21696 21734 22497 22610 23854 25099 26023 29975 33735 35058 38714 39465 40754 45991 47871 51621 55426 55945 61617 62111 64634 65227
pandas/tests/io/formats/test_to_excel.py 18392 46152 47371
pandas/tests/io/formats/test_to_html.py 2679 3547 6131 8452 8496 12031 14882 14998 15019 16493 17004 17280 17527 21625 22270 22579 22747 22783 25608 25941 27991 28663 40024 47103 53885 54167
pandas/tests/io/formats/test_to_latex.py 7061 7124 10660 12031 14184 14249 14484 16707 16718 16719 18326 18667 18669 19981 21625 22270 25436 40024 50871 52218
pandas/tests/io/formats/test_to_markdown.py 32667 57280
pandas/tests/io/formats/test_to_string.py 2146 2850 8230 9784 11729 13032 13653 13828 13998 16718 16839 21625 22270 22505 23614 24861 24980 25514 35394 35439 39336 39850 49230 50099 52690 53054 55426 57280 60393
pandas/tests/io/json/test_compression.py 15008 39985
pandas/tests/io/json/test_deprecated_kwargs.py 59161
pandas/tests/io/json/test_json_table_schema.py 9586 14904 16203 18912 19130 21287 32383 35973 39537
pandas/tests/io/json/test_json_table_schema_ext_dtype.py 40255
pandas/tests/io/json/test_normalize.py 14583 14883 18610 19020 20030 21158 21356 21536 21537 22706 23843 25468 26284 27220 30148 31507 35923 41876 43831 44312 62829 63019 64188
pandas/tests/io/json/test_pandas.py 3867 4377 7445 9180 10289 10747 12004 12213 12554 13774 14256 14772 15096 15132 15273 15344 17200 17394 18842 20500 20599 20608 21073 21345 21892 21986 25170 25433 25435 25513 25546 28156 28375 28501 28558 30320 31464 31615 33205 33711 34473 36211 36271 41174 42768 44684 46718 47659 48893 50750 50907 53686 55827 57063 57224 57429 57738 59227 65868 65904 66007 66142 66709
pandas/tests/io/json/test_readlines.py 9180 15096 15132 17048 27135 28906 33787 33916 35849 36888 47659 48893 59161 59516 64025
pandas/tests/io/json/test_ujson.py 11473 18878 28256 42768 46683 52898 66356 66489
pandas/tests/io/parser/common/test_chunksize.py 3866 9535 10022 12185 15755 21211 23509 40587
pandas/tests/io/parser/common/test_common_basic.py 2442 3374 6607 8661 8679 8983 9710 10476 12203 12493 14782 15086 16893 21141 21948 25501 26218 26545 28071 34946 34976 36343 36928 39017 39823 41069 43366 43528 47566 48646 51801 60088
pandas/tests/io/parser/common/test_file_buffer_url.py 2428 5500 10548 10728 13398 14086 14418 15337 16135 16559 23784 29233 31488 36980 37621
pandas/tests/io/parser/common/test_float.py 9565 12215 38753 38794 51295 62617 62740 64357 66457
pandas/tests/io/parser/common/test_index.py 10184 10467 14545
pandas/tests/io/parser/common/test_ints.py 2599 2601 7072 66238 66457 66487
pandas/tests/io/parser/common/test_iterator.py 3967 6607 59079
pandas/tests/io/parser/common/test_read_errors.py 2741 5156 6607 13652 15925 19886 34976 39024 66317
pandas/tests/io/parser/dtypes/test_categorical.py 10153 18186 20498 57666
pandas/tests/io/parser/dtypes/test_dtypes_basic.py 2631 3795 6607 9379 9435 25472 31920 32134 34655 35211 35873 36712 41574 42022 42446 42462 52505 54430 54868 56047 57100 57666 58260 65862 66834 491496
pandas/tests/io/parser/dtypes/test_empty.py 9424 12048 14712
pandas/tests/io/parser/test_c_parser_only.py 2090 3453 7626 8833 9205 9735 11020 12494 12912 13703 14012 14125 14418 15140 15910 16530 17154 19886 22748 23779 46823 51141 64515 65283 66274 66277 66415 66524 66525 66619 66622 66657 66756
pandas/tests/io/parser/test_comment.py 4623 34002
pandas/tests/io/parser/test_compression.py 9770 18071 24130
pandas/tests/io/parser/test_concatenate_chunks.py 51876
pandas/tests/io/parser/test_converters.py 583 1835 2184 40589 42446
pandas/tests/io/parser/test_dialect.py 23761
pandas/tests/io/parser/test_encoding.py 2298 4793 13549 16218 23779 24130 31575 31819 40986 43439 43540 43787 46456
pandas/tests/io/parser/test_header.py 2539 6051 6114 7757 7773 16338 18062 22144 23687 27779 38453 40442 43102 47400 54918 54931 65862
pandas/tests/io/parser/test_index_col.py 9435 9798 10413 10984 33476 38292 38549 44079 45801 57666
pandas/tests/io/parser/test_mangle_dupes.py 7160 11823 13017 14704 17060 17095
pandas/tests/io/parser/test_multi_thread.py 11786
pandas/tests/io/parser/test_na_values.py 3611 4318 5239 12224 14203 14983 15835 17128 19227 20377 21131 42446 42808 57547 66855
pandas/tests/io/parser/test_network.py 10424 16135 25945 29055
pandas/tests/io/parser/test_parallel_read.py 14983 64347 66259 66275 66277 66327 66392 66524 66756
pandas/tests/io/parser/test_parse_dates.py 1693 2263 2697 3062 5636 6428 11019 12585 14066 22256 26203 31251 33699 34066 39365 46210 47880 47950 51240 53295 65353 66510
pandas/tests/io/parser/test_python_parser_only.py 3404 5686 6607 6893 6971 13374 13879 15910 15925 17333 17465 34577 46569 46955 50270 61837 62739
pandas/tests/io/parser/test_quoting.py 14477 22789
pandas/tests/io/parser/test_read_fwf.py 3594 6114 7079 10261 11256 14135 15138 16772 18035 23254 40830 44021 45337 46580 50289 56323
pandas/tests/io/parser/test_skiprows.py 505 4382 9079 9832 10911 12775 14459 44021 55677
pandas/tests/io/parser/test_textreader.py 5664 14867 53131 57954
pandas/tests/io/parser/test_unsupported.py 5686 6607 12935 16530 45384 45957 54643 66639
pandas/tests/io/parser/test_upcast.py 36712
pandas/tests/io/parser/usecols/test_parse_dates.py 13604 14792
pandas/tests/io/parser/usecols/test_strings.py 13219
pandas/tests/io/parser/usecols/test_usecols_basic.py 2654 2733 4201 5766 6710 8985 9082 9098 9549 12546 12678 14154 14671 20558 25623 41130 46997 65862
pandas/tests/io/pytables/test_append.py 3577 3748 4096 4273 10381 11238 11412 12154 12242 13016 13547 16300 32038 41897
pandas/tests/io/pytables/test_categorical.py 13322 16118 18413 21741 22977 33909 38131 39420 65576
pandas/tests/io/pytables/test_errors.py 6208 7775 9539 26144 38305 39752 41437 42070
pandas/tests/io/pytables/test_file_handling.py 4409 14478 15943 29310 45286
pandas/tests/io/pytables/test_keys.py 20523
pandas/tests/io/pytables/test_put.py 4710 5386 5527 6167 7796 13291 17267 28460 41978 64180
pandas/tests/io/pytables/test_read.py 10330 10392 10443 11773 13231 16583 17912 25766 28430 28699 33186 37441 54431 59004
pandas/tests/io/pytables/test_retain_attributes.py 3499
pandas/tests/io/pytables/test_round_trip.py 454 492 4584 6166 9330 9604 11234 29310
pandas/tests/io/pytables/test_select.py 2637 2849 2973 6169 8014 11283 12953 14241 15492 15937 26610 41100 50598 64310
pandas/tests/io/pytables/test_store.py 2694 8287 9057 9635 10055 10143 10381 12221 13492 14435 16209 17021 17567 20835 21466 22073 28156 32682 37235 48667 51456 54396 63412
pandas/tests/io/pytables/test_subclass.py 33748
pandas/tests/io/pytables/test_time_series.py 35917 45790
pandas/tests/io/pytables/test_timezones.py 2852 4098 7777 11411 11926 13884 17618 20594
pandas/tests/io/sas/test_sas.py 14947 24548
pandas/tests/io/sas/test_sas7bdat.py 18198 19732 20927 31243 35545 47099 47339 56014 56127 66470 66475
pandas/tests/io/sas/test_xport.py 11713 35693 66470
pandas/tests/io/test_clipboard.py 19010 41108 44625 50502
pandas/tests/io/test_common.py 12153 13872 22265 35058 35681 38125 39247 39450 39777 45630 47136 48978 52252 59075 59904 60100
pandas/tests/io/test_compression.py 21227 22004 22555 28103 33196 58131
pandas/tests/io/test_feather.py 24025 29055 33878 47832 50765 54431 54798 66177
pandas/tests/io/test_fsspec.py 39167
pandas/tests/io/test_gcs.py 26124 32392 33987 35677
pandas/tests/io/test_html.py 5048 6114 12907 13461 16928 17054 20027 20690 29528 37705 48316 50286 52619 53785 60210 64524
pandas/tests/io/test_orc.py 44554 50503 54431
pandas/tests/io/test_parquet.py 18154 18628 19134 23283 26388 27117 27339 34777 35791 35902 37105 40173 41241 45694 45881 48944 49236 49641 52034 54431 54768 54798 55118 61602 64597 65810 66509
pandas/tests/io/test_pickle.py 2891 7748 9291 12163 26237 29054 29570 31930 35679 37631 39002 42345 61792
pandas/tests/io/test_s3.py 17135 34626
pandas/tests/io/test_spss.py 54264
pandas/tests/io/test_sql.py 3628 6415 6509 7324 7433 7815 8341 8624 8953 9083 9085 9086 10285 10385 10654 10846 11216 11431 13206 14553 15988 23510 26761 28486 34431 35076 36465 37157 40682 44421 46891 50048 50245 50797 51015 51086 52046 52969 53117 54233 54430 54877 55663 61773 65065
pandas/tests/io/test_stata.py 4626 7369 12153 12259 13631 13923 14618 16923 17328 17797 19417 21041 23573 23633 25960 31544 36096 45350 46240 55564 60536 61583 63082 64556
pandas/tests/io/xml/test_to_xml.py 43903
pandas/tests/io/xml/test_xml.py 45133 50500 53809
pandas/tests/libs/test_hashtable.py 7157 12679 21688 21866 21968 22729 30419 34551 41836 42688 58924
pandas/tests/libs/test_join.py 37264 37312
pandas/tests/libs/test_lib.py 18197 24248 40397 50592 53616 61155 62981
pandas/tests/libs/test_libalgos.py 13445
pandas/tests/plotting/common.py 9792
pandas/tests/plotting/frame/test_frame.py 2609 6951 7612 8081 8494 9012 9093 9792 10819 11520 11556 12565 13019 15912 18671 18755 19699 20056 22334 24867 25587 27686 27758 30346 30391 31871 32073 32904 33173 35945 37001 37668 37942 44050 45809 48726 55138 55906 57587 59429 61005 64613
pandas/tests/plotting/frame/test_frame_color.py 3486 9894 10299 15516 16695 18006 21003 33389 51953 53908
pandas/tests/plotting/frame/test_frame_legend.py 18222
pandas/tests/plotting/frame/test_frame_subplots.py 2157 3254 3298 3964 5353 6667 7069 7498 7801 9093 9158 9464 10657 10962 12979 16953 25160 25261 26676 64317 65918
pandas/tests/plotting/frame/test_hist_box_by.py 13188 15079
pandas/tests/plotting/test_backend.py 28163
pandas/tests/plotting/test_boxplot_method.py 2980 5610 5897 6769 6970 7069 12216 13188 14701 16748 22799 26214 30346 40769 41124 43480 54941
pandas/tests/plotting/test_common.py 34768
pandas/tests/plotting/test_converter.py 8614 9012 37454
pandas/tests/plotting/test_datetimelike.py 1482 2571 2877 2960 3490 7760 7772 9053 9852 11858 13341 14322 14330 17173 18439 18910 24088 31205 31580 34487 57587 64244 64311 64613 64819 65278 66222 66771
pandas/tests/plotting/test_groupby.py 6279 7025 8733 10214 11805 41090
pandas/tests/plotting/test_hist_method.py 4089 6279 6769 6970 7069 9351 9610 9853 10444 13188 23992 29235 30288 32590 48884 64613
pandas/tests/plotting/test_misc.py 5662 15908 17525 19810 20726 33819 38736 38947 38969 39126 64613
pandas/tests/plotting/test_series.py 1890 6951 7222 7471 8242 9093 9536 9779 9792 9905 11529 14102 14821 23719 24426 24980 25545 27686 27758 28172 37454 37942 38865 51953 55138 59192 59337 61161 64317 65918 66789
pandas/tests/reductions/test_reductions.py 844 2982 4147 4279 4984 5914 5986 6462 6915 7261 7869 9422 10040 10390 11245 12863 13595 15552 16830 17607 17927 18021 18921 23282 24109 25303 26125 27185 27709 32432 34479 34814 37491 37506 38723 40180 40685 41967 42107 43587 43697 47500 48378 48379 53401 54591 58707 61645 64266 65500
pandas/tests/reductions/test_stat_reductions.py 2888 24757 53482 62864 62946
pandas/tests/resample/test_base.py 10228 12771 12868 12925 13212 14313 14962 15023 15314 21351 28427 39227 55572 57019 58690
pandas/tests/resample/test_datetime_index.py 1077 1259 2763 3849 5586 5955 6418 7227 7929 8371 8531 8573 9119 9756 9915 10914 12202 12307 12332 12348 12352 13020 13119 13453 14615 16361 16674 19303 21459 23222 24127 24972 25580 25758 31809 33939 34474 35219 37768 41943 43198 43329 43896 44996 53664 55502 55958 56371 57427 58380 59823 61985 62200
pandas/tests/resample/test_period_index.py 2070 2073 2753 3609 4076 5430 6397 9586 10117 12770 12774 12884 13083 13224 13238 14008 15549 19375 19974 23742 23882 33815 42763 52536 55785 61985
pandas/tests/resample/test_resample_api.py 12448 13500 14008 15021 16766 17905 22660 31710 39025 41943 46442 47079 52484 62725
pandas/tests/resample/test_resampler_grouper.py 12486 13174 13235 14233 15169 16231 17496 17813 26411 31324 31809 33548 36951 42905 46826 47362 47705 50840 50876 52397 52484 52710
pandas/tests/resample/test_time_grouper.py 9925 12840 18203 21351 35325
pandas/tests/resample/test_timedelta.py 10530 10603 12072 12169 13022 13119 13223 29485 30353 33498 44996 45414 56371 59823
pandas/tests/reshape/concat/test_append.py 4993 6129 18359 23682
pandas/tests/reshape/concat/test_append_common.py 7795 13221 13524 13626 13660 39817
pandas/tests/reshape/concat/test_categorical.py 7864 8143 8641 10177 12007 13524 14016 14177 16111 17629 23816 25412 39443
pandas/tests/reshape/concat/test_concat.py 1406 1815 2385 3602 8645 13247 15047 17344 18178 20565 20816 21510 23557 24768 24783 25413 28330 30668 33654 40841 40893 41234 41828 42800 43485 43595 45888 47331 52093 54848 56257 60723 64825
pandas/tests/reshape/concat/test_dataframe.py 2759 12223 14252 14369 14438 15262 21108 23049 42092 42651 45101 47127 62888
pandas/tests/reshape/concat/test_datetimes.py 2624 3232 6606 9188 11693 11755 11887 12217 12306 12396 12467 12620 13583 13783 18523 22796 23037 32934 33331 41585 44900 51489 53307 58471 65920
pandas/tests/reshape/concat/test_empty.py 3259 9149 11082 15328 18447 18515 39817 45101 51675
pandas/tests/reshape/concat/test_index.py 4771 9967 13475 13542 15787 29879 46675 47329 47501
pandas/tests/reshape/concat/test_invalid.py 6583
pandas/tests/reshape/concat/test_series.py 10698 18187 21015 21108 39401 45101
pandas/tests/reshape/concat/test_sort.py 4588 37937 41518 43375 65333
pandas/tests/reshape/merge/test_join.py 331 638 916 2024 4975 5401 5647 9455 11519 12081 12814 16871 20475 21220 23931 36909 36910 38502 40991 40993 47812 50906 57048 58721
pandas/tests/reshape/merge/test_merge.py 2098 5695 9426 9780 10824 11405 13169 13353 13389 14355 15328 15800 16228 16572 16767 16871 16900 17044 17187 17776 18885 19551 20777 21119 21220 22449 22501 22818 23020 24212 24897 25183 27453 28189 28668 33814 35382 36973 37480 38616 40073 40993 41626 43550 43734 44240 45094 46178 47946 48464 51929 52331 52406 52777 54611 54894 55212 56376 59421 61402 61926 62150 62742 64148
pandas/tests/reshape/merge/test_merge_antijoin.py 11405 42916
pandas/tests/reshape/merge/test_merge_asof.py 13695 13709 13936 14253 14844 14887 15135 15676 16454 21184 22794 22981 23189 26649 27642 28870 29130 29864 32306 33463 34488 42844 43541 50102 52904 53513 55453 56486
pandas/tests/reshape/merge/test_merge_cross.py 5401 54055
pandas/tests/reshape/merge/test_merge_ordered.py 9157 35269 38166 38167 55884 57010
pandas/tests/reshape/merge/test_multi.py 3662 6360 7331 19038 25760 28956 29522 36895 39100 64492 66124
pandas/tests/reshape/test_crosstab.py 3820 4003 8860 10772 12577 12578 12642 13279 15150 15972 17005 18321 25278 27500 35144 44076 50313
pandas/tests/reshape/test_cut.py 1511 1979 8589 13318 14652 14714 15428 16459 19872 19891 20947 23980 24314 26045 30787 33141 40661 42185 42424 44075 47614 48083 54964 55431 55684 56764 58517
pandas/tests/reshape/test_from_dummies.py 54300
pandas/tests/reshape/test_get_dummies.py 6885 8822 10531 12402 13854 18914 20839 22084 32430 44965 56273 66091
pandas/tests/reshape/test_melt.py 9204 14779 15348 15785 15853 16382 17440 22468 23575 29718 34731 41570 41951 46044 54297 57066 58033 61475 65654
pandas/tests/reshape/test_pivot.py 1181 3335 3588 3962 4386 5878 7142 8103 8731 9186 9491 9534 10326 10772 10989 12017 13354 13483 14072 14380 14948 15193 17013 17038 18713 19966 20601 21133 21370 21378 21932 22159 24893 25814 25815 26314 26568 28323 30924 31016 33849 35785 37635 39143 43574 47477 47971 48293 48681 48683 49240 50342 52692 53051 55484 56633 57876 57884 58722 59126 61113 61509 62705
pandas/tests/reshape/test_pivot_multilevel.py 21425 23955 36360 61292
pandas/tests/reshape/test_qcut.py 1978 1979 7751 13318 15431 19768 19872 19891 59355
pandas/tests/reshape/test_union_categoricals.py 13361 13759 13846 14173 15219
pandas/tests/scalar/interval/test_constructors.py 18538 23013
pandas/tests/scalar/interval/test_interval.py 18789 27219
pandas/tests/scalar/period/test_arithmetic.py 4731 13071 17983 23878 47196 55503 66552
pandas/tests/scalar/period/test_asfreq.py 19643 19650 19834 31475
pandas/tests/scalar/period/test_period.py 3363 11738 13346 13727 17116 24444 34449 34621 34703 44507 46768 46811 48536 48974 50803 50907 52534 53562 54105 55785 58998 63278 63760 64158 64227 65432
pandas/tests/scalar/test_na_scalar.py 30013 34740 58427 66493
pandas/tests/scalar/test_nat.py 4606 6873 8254 9513 11718 12300 14940 17327 17329 18846 19124 24653 26039 35585 39151 40722 44460 46768
pandas/tests/scalar/timedelta/methods/test_round.py 38964 63687 64828
pandas/tests/scalar/timedelta/test_arithmetic.py 6808 11835 13624 15183 18846 19365 19738 19761 19819 20829 21980 29797 31869 49021 53643 59653 62316 66551 66552
pandas/tests/scalar/timedelta/test_constructors.py 3374 6855 8190 8757 9273 9570 11995 17637 18793 21762 33992 38964 39710 46587 46827 47268 48898 49579 52536 55503 63216 66247 66823
pandas/tests/scalar/timedelta/test_timedelta.py 10050 10939 11129 12690 12691 12727 19458 21344 21877 24653 31043 31354 44460 44504 46819 54037 59051 66552 66608
pandas/tests/scalar/timestamp/methods/test_normalize.py 36294 60583
pandas/tests/scalar/timestamp/methods/test_replace.py 7825 14621 15683 18319 25017 37610 50348 57749 66510
pandas/tests/scalar/timestamp/methods/test_round.py 14440 15578 18946 21262 22591 23324 63687
pandas/tests/scalar/timestamp/methods/test_timestamp_method.py 17329
pandas/tests/scalar/timestamp/methods/test_to_julian_date.py 54763
pandas/tests/scalar/timestamp/methods/test_to_pydatetime.py 39221 45087
pandas/tests/scalar/timestamp/methods/test_tz_localize.py 8025 8917 12677 13057 14402 14621 22644 45087 65733 66550 66697
pandas/tests/scalar/timestamp/test_arithmetic.py 1389 22535 24775 25851 28286 32619 33296 60084 66549 66552
pandas/tests/scalar/timestamp/test_comparisons.py 1404 8058 15183 24124 26916 36131 42794
pandas/tests/scalar/timestamp/test_constructors.py 2993 3042 5168 7833 8910 9000 10758 11481 11630 11708 12064 15777 15823 15829 17690 17943 18898 19382 19529 20854 23579 24329 24559 25016 25057 25611 25851 26651 30395 31043 31200 31929 31930 42288 45307 45481 47266 47267 48255 48688 48974 49034 49416 49737 50870 50907 52659 54097 55879 55932 56208 56398 56680 59256 65353 66510
pandas/tests/scalar/timestamp/test_formats.py 12622 29461 66547
pandas/tests/scalar/timestamp/test_timestamp.py 3746 7610 7878 9255 10041 10050 12806 13303 13727 14415 17354 21333 21336 21365 24653 32174 33931 38914 44460 46768 53738 55954
pandas/tests/scalar/timestamp/test_timezones.py 21358
pandas/tests/series/accessors/test_cat_accessor.py 9322 17509 18862 43334 46768 57463
pandas/tests/series/accessors/test_dt_accessor.py 7207 8689 9322 10086 11128 11295 11757 17157 18946 19468 21205 21358 23324 27952 29461 29578 36032 36294 46768 52386 52761 55504 58179 64609 65432
pandas/tests/series/accessors/test_list_accessor.py 58425
pandas/tests/series/accessors/test_str_accessor.py 9068
pandas/tests/series/indexing/test_datetime.py 2437 2782 2785 2789 3070 3448 3546 14826 18162 18376 18435 27136 36148 36179 54870
pandas/tests/series/indexing/test_delitem.py 5542 40386
pandas/tests/series/indexing/test_get.py 5652 6383 7407 7725 8569 17295 21257 21260
pandas/tests/series/indexing/test_getitem.py 495 917 5877 11747 12533 13509 14865 15470 17286 29189 30588 31299 31765 32684 33404 33462 34860 36210 37218 42825 48653
pandas/tests/series/indexing/test_indexing.py 4080 4246 8209 12089 17610 31299 35534 35747 42825 45778 45981 46551 48614 48653 50161 51053
pandas/tests/series/indexing/test_mask.py 21891
pandas/tests/series/indexing/test_set_value.py 1561 51363
pandas/tests/series/indexing/test_setitem.py 2746 4463 8387 8856 10193 12533 12599 13034 13299 14146 14359 18586 19406 20441 21513 21881 21907 22717 23451 24024 24096 26468 30567 32346 32878 33573 37692 38303 39619 42215 42530 44201 44261 44265 45070 45121 45462 45568 45768 48665 52373 57338 62369 65094 66394
pandas/tests/series/indexing/test_take.py 51022
pandas/tests/series/indexing/test_where.py 2702 2745 3235 4195 4548 4550 4667 8801 9280 9731 9743 15414 15701 17198 37681 37682 52373
pandas/tests/series/indexing/test_xs.py 5684 6258 19056 31630 41760
pandas/tests/series/methods/test_add_prefix_suffix.py 47819
pandas/tests/series/methods/test_align.py 10665 45224
pandas/tests/series/methods/test_argsort.py 2967 54257
pandas/tests/series/methods/test_asof.py 15713 46903 50907
pandas/tests/series/methods/test_astype.py 4405 7271 7758 9757 10442 10696 14265 14878 15524 15987 16717 17636 18593 19182 19223 27141 32581 33890 37553 39474 40351 40566 43018 44414 45151 45326 45798 47844 54620 55756 57418
pandas/tests/series/methods/test_autocorr.py 65502
pandas/tests/series/methods/test_between.py 40628
pandas/tests/series/methods/test_case_when.py 39154 64070
pandas/tests/series/methods/test_clip.py 6966 11838 15390 17276 19992 25066 40420 40581 42794 56410 59053
pandas/tests/series/methods/test_combine.py 21248 31142 31899
pandas/tests/series/methods/test_combine_first.py 3367 26283 41800 51764 58977 62931 65333
pandas/tests/series/methods/test_compare.py 30429
pandas/tests/series/methods/test_convert_dtypes.py 32117 32287 43183 48791 53648 55346 59934 60129 60237 66517
pandas/tests/series/methods/test_copy.py 11794
pandas/tests/series/methods/test_cov_corr.py 34611
pandas/tests/series/methods/test_describe.py 21332 48340 52515 54193
pandas/tests/series/methods/test_diff.py 3100
pandas/tests/series/methods/test_drop.py 5248 8522 16877 21494 45860
pandas/tests/series/methods/test_drop_duplicates.py 44351 48304 54904
pandas/tests/series/methods/test_dropna.py 13737 31725
pandas/tests/series/methods/test_duplicated.py 44351 48150
pandas/tests/series/methods/test_equals.py 8437 20676 39650 44190
pandas/tests/series/methods/test_explode.py 28005 34932 53602
pandas/tests/series/methods/test_fillna.py 3371 5703 6587 8209 9043 9217 13737 14872 14956 15855 16402 17033 24537 26215 27419 32414 43424 45153 45746 56410 56492
pandas/tests/series/methods/test_infer_objects.py 11221 49650 50090 50096
pandas/tests/series/methods/test_info.py 14298 14308
pandas/tests/series/methods/test_interpolate.py 1646 5977 6424 7173 9217 10633 15662 16284 21037 21662 24014 26796 27628 41565 54920 64322 66338
pandas/tests/series/methods/test_is_unique.py 11946 20661 25180
pandas/tests/series/methods/test_isin.py 4763 5021 16012 16991 17927 19356 20883 21804 25507 36621 42405 50234 63304
pandas/tests/series/methods/test_isna.py 13737
pandas/tests/series/methods/test_map.py 2627 2689 8024 9322 10324 11349 13228 15999 18496 20495 20714 21245 24275 25959 40823 44392 46719 47527 48813 51488 52384 57189 57390 59814 61231 62164 63903
pandas/tests/series/methods/test_matmul.py 10259 21530
pandas/tests/series/methods/test_nlargest.py 13412 15297 16818 21426 26154 42816 46589
pandas/tests/series/methods/test_nunique.py 18051
pandas/tests/series/methods/test_pct_change.py 7292 28664 30463 54981 57056
pandas/tests/series/methods/test_pop.py 6600 64266
pandas/tests/series/methods/test_quantile.py 7661 10174 13098 50681 64266
pandas/tests/series/methods/test_rank.py 5968 13445 15630 18271 18521 19538 52471 56976 62043
pandas/tests/series/methods/test_reindex.py 4604 4618 8306 17444 18185 20869 28337 40980 41170 47055 53497
pandas/tests/series/methods/test_reindex_like.py 7179
pandas/tests/series/methods/test_rename.py 17407 18589 21055 27814 40977 46889 65315
pandas/tests/series/methods/test_rename_axis.py 15704 19978 25034
pandas/tests/series/methods/test_repeat.py 7891 9361
pandas/tests/series/methods/test_replace.py 5319 5797 9113 11792 15289 15743 16051 18634 19998 20656 23305 24971 25616 25797 26988 29813 31644 32621 33340 33484 36984 38267 40732 41215 43344 44498 44940 45311 47480 48034 48231 48644 50373 50758 50778 53358 55398 56599 59452 60688 61671
pandas/tests/series/methods/test_reset_index.py 2329 12071 19602 20925 44575 44755 56160
pandas/tests/series/methods/test_round.py 12600 14197 14940 55936 56158 63444 63559
pandas/tests/series/methods/test_searchsorted.py 8490 30086 49620
pandas/tests/series/methods/test_size.py 52897
pandas/tests/series/methods/test_sort_index.py 11402 13496 13589 14444 16934 21052 30114 56049
pandas/tests/series/methods/test_sort_values.py 5856 7848 28697 30114 41634 65833
pandas/tests/series/methods/test_to_csv.py 8215 10483 21241 23595 28210
pandas/tests/series/methods/test_to_dict.py 16122 25969
pandas/tests/series/methods/test_to_frame.py 9762 44212 45448
pandas/tests/series/methods/test_to_numpy.py 48951 50600 57093 57121 57431
pandas/tests/series/methods/test_tolist.py 49890
pandas/tests/series/methods/test_truncate.py 9243 17717 35544 36148 42365 50907
pandas/tests/series/methods/test_tz_localize.py 2248 8917 14402 43080
pandas/tests/series/methods/test_unique.py 714 1807 18051 46128
pandas/tests/series/methods/test_unstack.py 5873 19966 48763
pandas/tests/series/methods/test_update.py 3217 25744 33215
pandas/tests/series/methods/test_value_counts.py 9443 12835 17927 32146 54984
pandas/tests/series/test_api.py 7206 9680 9910 25580 38782 47500
pandas/tests/series/test_arithmetic.py 1134 7500 8363 8938 11339 12723 13208 13365 14227 15115 20414 22962 24396 25338 25557 25891 28658 29602 33671 33930 37910 42630 45810 46179 50083 52264 57524 62158 62191 62423 62467 62552 63459
pandas/tests/series/test_constructors.py 1572 2443 3283 3414 3416 4187 5689 6529 7431 7932 8411 8623 8909 9456 9477 10747 12169 12336 12574 12948 13051 13296 13467 13876 14928 15125 15520 15524 15832 15869 15987 16406 16524 16605 16804 17088 17415 17449 18480 18515 18579 18625 19018 19342 19565 19853 20865 21987 22077 22477 22585 23563 23598 24574 25843 26336 28401 29788 30173 30976 33401 33890 35465 35744 38798 39307 40110 40111 41555 41734 41805 42137 43017 43018 43042 44514 44923 47294 49341 49573 49599 52008 53627 54430 54496 55537 55655 56012 59060 60695 60728 62522 63499 64158 66519
pandas/tests/series/test_cumulative.py 6270 28385 48111 52335 57956 66257 66551
pandas/tests/series/test_formats.py 6863 21002 25061 26447 33770 35603 45263 55415
pandas/tests/series/test_logical_ops.py 1134 4947 9016 19792 22092 49503 52500 52538
pandas/tests/series/test_missing.py 2899 16674 19700
pandas/tests/series/test_npfuncs.py 21614 35331 56285 62506
pandas/tests/series/test_reductions.py 8617 9442 31746 34671 36703 37151 41927 43178 44008 55340 56183 58926 66551
pandas/tests/series/test_subclass.py 15564
pandas/tests/series/test_ufunc.py 26650 39853 43190 62423 64266
pandas/tests/series/test_unary.py 38794
pandas/tests/strings/__init__.py 18463
pandas/tests/strings/test_api.py 6106 9184 9322 13877 23011 23163 23555 23556 23679 47667
pandas/tests/strings/test_case_justify.py 13598 25405 54533 54792
pandas/tests/strings/test_cat.py 11334 21053 22722 23009 24044 28277
pandas/tests/strings/test_extract.py 6348 9980 11386 13382 19075
pandas/tests/strings/test_find_replace.py 6609 15055 15446 16808 18463 22158 24804 32806 36241 51914 56652 57636 59615 61942 61952 62653 63108 63705 64123 66069 66348
pandas/tests/strings/test_get_dummies.py 8028 9980 47872
pandas/tests/strings/test_split_partition.py 12617 18450 18463 20067 20671 22676 43563 58321 63602 66341
pandas/tests/strings/test_string_array.py 18463 61485
pandas/tests/strings/test_strings.py 3485 7241 22613 29624 31632 47911 52987 54173 62164 63705 64359
pandas/tests/test_aggregation.py 27519
pandas/tests/test_algos.py 5986 9431 9454 12558 12666 13663 15442 15714 15939 16639 16991 17108 17927 18271 19721 19727 20866 21866 22119 22160 22295 35650 35667 36289 36327 41132 46485 46737 48019 49549 52986 53111 54857 56099 56427 57043 57517 59609 61676 62036 63155
pandas/tests/test_common.py 21295 21758 35434 35611 39757 42433 42461 45954 63391
pandas/tests/test_downstream.py 21071 24539 40110 42748 42866 44053 47128 48347 49599 61030
pandas/tests/test_expressions.py 22383 26736
pandas/tests/test_multilevel.py 15797 20757 20888 53051 59003 60388
pandas/tests/test_nanops.py 8383 10155 10242 10489 11974 12863 18463 18976 22764 35227 42878 43929 57972 64478 65373
pandas/tests/test_register_accessor.py 37173 41357 66215
pandas/tests/test_sorting.py 9092 9096 13714 15389 48412 66129
pandas/tests/test_take.py 26976 52981 59177 64437
pandas/tests/tools/test_to_datetime.py 999 3888 4928 5195 5917 6415 6428 7930 8260 8989 9107 9114 10178 10537 10636 10834 11276 11708 11736 11745 11758 11871 11934 12585 13044 13176 13180 13451 13486 13834 14156 14487 15760 16607 16774 16842 17637 17697 18666 18702 18705 19382 19529 20445 20455 21697 21864 22305 23055 23760 23830 24415 24763 25512 25546 25978 26097 26122 27733 28238 28299 29403 30011 32264 32792 33133 34857 35888 39882 40111 41047 42624 42957 44625 45319 47018 47495 48633 48767 48969 49037 50183 50251 50301 50308 50369 50453 50870 50887 50907 51084 51476 51978 52425 55663 55693 55780 55793 56996 57275 57366 58419 58859 60341 60506 60677 60885 61389 62801 63419 63472 65380 65863 66510 66542 66823
pandas/tests/tools/test_to_numeric.py 11776 13324 13352 14404 14422 14827 15898 16302 17007 17125 19729 24910 26466 31364 32394 32493 35051 38974 43693 50505 52146 52588 59944 63650 66524
pandas/tests/tools/test_to_time.py 11818 18793
pandas/tests/tools/test_to_timedelta.py 5438 5458 11776 23055 29794 34857 35574 36666 36738 41731 48796 48974 52425 54298 56996 57366 60677 63018 63196 64240 64306 65150 66247 66823
pandas/tests/tseries/frequencies/test_freq_code.py 14378
pandas/tests/tseries/frequencies/test_frequencies.py 18553
pandas/tests/tseries/frequencies/test_inference.py 6407 6463 7310 7905 8772 9425 10822 16624 36939 48439 52456 55504 55609 55794 58403
pandas/tests/tseries/holiday/test_calendar.py 9552 11477 27790
pandas/tests/tseries/holiday/test_federal.py 10278 49075
pandas/tests/tseries/holiday/test_holiday.py 10217 11477 29049 49075 54382 54580
pandas/tests/tseries/offsets/test_business_day.py 21404 66549 66552
pandas/tests/tseries/offsets/test_business_hour.py 21404 26381 33682 55564 55608
pandas/tests/tseries/offsets/test_common.py 456 23524 49737 66549
pandas/tests/tseries/offsets/test_custom_business_day.py 60647
pandas/tests/tseries/offsets/test_custom_business_hour.py 16867 21404 23542
pandas/tests/tseries/offsets/test_custom_business_month.py 17452 21404
pandas/tests/tseries/offsets/test_fiscal.py 14774 18877 19036
pandas/tests/tseries/offsets/test_month.py 22535
pandas/tests/tseries/offsets/test_offsets.py 12724 14101 18226 19142 21341 21427 30336 33757 34511 37267 45643 45790 47856 47953 48262 49897 53125 55564 56586 61862 61870 64207 64806 66549
pandas/tests/tseries/offsets/test_offsets_properties.py 18319
pandas/tests/tseries/offsets/test_ticks.py 9284 23524
pandas/tests/tseries/offsets/test_week.py 18510 18864 18977 19036 66549 66552
pandas/tests/tseries/offsets/test_year.py 50348
pandas/tests/tslibs/test_array_to_datetime.py 17697 19382 19529 25851 50949 57150
pandas/tests/tslibs/test_conversion.py 25851 29684 35530 46460 57366
pandas/tests/tslibs/test_np_datetime.py 66552
pandas/tests/tslibs/test_parse_iso8601.py 12060 25895 53020
pandas/tests/tslibs/test_parsing.py 5418 9688 11142 41047 46811 50317 50791 50907 57452
pandas/tests/tslibs/test_resolution.py 59143
pandas/tests/tslibs/test_timedeltas.py 32402 33603 40946 43764 52806 53801
pandas/tests/tslibs/test_timezones.py 13583 36004 64363 65712 65733
pandas/tests/tslibs/test_to_offset.py 9064 13930 54939 58998
pandas/tests/util/test_assert_almost_equal.py 20503 45240 51727 66400 66699
pandas/tests/util/test_assert_attr_equal.py 54521
pandas/tests/util/test_assert_extension_array_equal.py 23709 45240
pandas/tests/util/test_assert_frame_equal.py 20503 37488 39168 39410 39739 40719 43022 45554 48975 50323 51727 51920 54521 55638 63904 65911
pandas/tests/util/test_assert_index_equal.py 31884 39168 41263 47207 47328 48608 51920 52126 61935
pandas/tests/util/test_assert_numpy_array_equal.py 20503
pandas/tests/util/test_assert_series_equal.py 22400 40719 51920 52449 56646 56651 57067 63904 65770 66400 66699
pandas/tests/util/test_hashing.py 15143 28363 28969 42003 48964 64605
pandas/tests/util/test_shares_memory.py 55372 55823
pandas/tests/util/test_show_versions.py 32041 39701
pandas/tests/window/test_api.py 10565 12541 15072 39554 42738
pandas/tests/window/test_apply.py 1850 8080 33433
pandas/tests/window/test_base_indexer.py 32865 35579 37153 39604 43267 44470 54379
pandas/tests/window/test_cython_aggregations.py 45647
pandas/tests/window/test_dtypes.py 12373 43016
pandas/tests/window/test_ewm.py 7603 7898 10789 12492 38535 40164 41700 43265 46560 51695 54328
pandas/tests/window/test_expanding.py 6929 7512 8056 8080 11704 12669 15819 15826 16425 20647 23372 25857 26476 26996 33155 46560
pandas/tests/window/test_groupby.py 13174 13966 14013 15130 16037 26476 28333 31754 32262 34617 35486 35549 35552 35557 35869 36018 36040 36197 36727 36889 37141 37641 38057 38523 39433 39591 39732 40951 42738 42915 43355 43386 43909 44078 46061
pandas/tests/window/test_numba.py 40951 42287 58868 58995 59666
pandas/tests/window/test_pairwise.py 3155 7512 7738 18430 21157 24019 31789 34440 62937 65739
pandas/tests/window/test_rolling.py 6795 6929 10319 11645 11704 12669 13254 13383 15305 15354 15440 15819 16789 20712 21704 22590 22719 23372 24718 26005 26055 26476 26996 27766 28192 28266 31286 31302 32761 33155 34225 34315 34605 35542 36031 36933 37051 37557 38057 38780 40002 40341 41053 42064 42753 43386 43927 46560 54380 55026 55106
pandas/tests/window/test_rolling_functions.py 6297 7764 8056 11722 12373
pandas/tests/window/test_rolling_skew_kurt.py 62946
pandas/tests/window/test_timeseries_window.py 13327 13965 15584 16058 19248 21096 32385 55849
pandas/tests/window/test_win_type.py 8238 12669 13383 15969 48838
pandas/tseries/frequencies.py 36939 50355 55504 58403
